1 2.33611796445325e-48
2 7.65475773412398e-44
3 3.35207417490870e-41
4 2.50846411180854e-39
5 7.12926624917543e-38
6 1.09837414489233e-36
7 1.10908637307270e-35
8 8.21973521688399e-35
9 4.80986005928669e-34
10 2.33604667186731e-33
11 9.75854449055137e-33
12 3.59937207616425e-32
13 1.19576284196800e-31
14 3.63414331864731e-31
15 1.02297185516923e-30
16 2.69344283586870e-30
17 6.68695791249718e-30
18 1.57604684562647e-29
19 3.54649035751374e-29
20 7.65522495083845e-29
21 1.59141783312738e-28
22 3.19758227321897e-28
23 6.22891363524588e-28
24 1.17944224411428e-27
25 2.17567939733137e-27
26 3.91815610427654e-27
27 6.90162346737192e-27
28 1.19090876662981e-26
29 2.01588028519220e-26
30 3.35197187783302e-26
31 5.48176200797505e-26
32 8.82587348457455e-26
33 1.40024457108829e-25
34 2.19111549918795e-25
35 3.38466300387281e-25
36 5.16470551792780e-25
37 7.78969816742129e-25
38 1.16207849544653e-24
39 1.71578910092173e-24
40 2.50846411656291e-24
41 3.63289311014272e-24
42 5.21459881380850e-24
43 7.42201115587267e-24
44 1.04784771190971e-23
45 1.46785280134409e-23
46 2.04102813086102e-23
47 2.81814047938090e-23
48 3.86479634551391e-23
49 5.26545577600223e-23
50 7.12904868123569e-23
51 9.59505438862941e-23
52 1.28397975656718e-22
53 1.70857014396906e-22
54 2.26145496155376e-22
55 2.97807143886448e-22
56 3.90236985376096e-22
57 5.08882638628517e-22
58 6.60543493048928e-22
59 8.53640366771286e-22
60 1.09844118538885e-21
61 1.40748020069798e-21
62 1.79620895715318e-21
63 2.28351064856865e-21
64 2.89206222342539e-21
65 3.64917859499261e-21
66 4.58818138608498e-21
67 5.74932434218481e-21
68 7.18028549752587e-21
69 8.93781086920886e-21
70 1.10905252647900e-20
71 1.37205019506544e-20
72 1.69237070726672e-20
73 2.08131431332247e-20
74 2.55245039851893e-20
75 3.12186235098032e-20
76 3.80813123312476e-20
77 4.63292902164178e-20
78 5.62212614699024e-20
79 6.80614407954946e-20
80 8.21973521715380e-20
81 9.90307532823372e-20
82 1.19039008540046e-19
83 1.42779597961798e-19
84 1.70882403287646e-19
85 2.04069760519907e-19
86 2.43197039544480e-19
87 2.89256807512366e-19
88 3.43358738878100e-19
89 4.06766209805256e-19
90 4.80971327416417e-19
91 5.67695764354851e-19
92 6.68844919106046e-19
93 7.86572987303293e-19
94 9.23420090878739e-19
95 1.08230296558531e-18
96 1.26641646649800e-18
97 1.47934947895384e-18
98 1.72533189412265e-18
99 2.00919791278008e-18
100 2.33618925501662e-18
101 2.71216043281238e-18
102 3.14401147152220e-18
103 3.63959566995387e-18
104 4.20734487415578e-18
105 4.85662180535746e-18
106 5.59847179074342e-18
107 6.44542314675823e-18
108 7.41078791591329e-18
109 8.50926870928189e-18
110 9.75824668372725e-18
111 1.11773662352097e-17
112 1.27872855368046e-17
113 1.46107133838865e-17
114 1.66745574199406e-17
115 1.90091358503723e-17
116 2.16460102873722e-17
117 2.46196982407397e-17
118 2.79712338979947e-17
119 3.17467440039871e-17
120 3.59937208298624e-17
121 4.07638621093169e-17
122 4.61189037362709e-17
123 5.21280490112717e-17
124 5.88617675807275e-17
125 6.63964659830129e-17
126 7.48237934216488e-17
127 8.42462509582233e-17
128 9.47670949372031e-17
129 1.06497755250591e-16
130 1.19572635022123e-16
131 1.34141822934340e-16
132 1.50354704162029e-16
133 1.68371811167198e-16
134 1.88388110720370e-16
135 2.10620833361758e-16
136 2.35283595621158e-16
137 2.62605172720663e-16
138 2.92865248751367e-16
139 3.26374915890689e-16
140 3.63436513265636e-16
141 4.04372384697124e-16
142 4.49579687417091e-16
143 4.99499814266607e-16
144 5.54556033357192e-16
145 6.15197840960161e-16
146 6.81984261046374e-16
147 7.55535405079246e-16
148 8.36437996373624e-16
149 9.25313280258327e-16
150 1.02294063654572e-15
151 1.13018354144607e-15
152 1.24784844479451e-15
153 1.37678543082386e-15
154 1.51807185252136e-15
155 1.67290100346517e-15
156 1.84237074008449e-15
157 2.02763395442875e-15
158 2.23016923054597e-15
159 2.45161158073588e-15
160 2.69344283595696e-15
161 2.95721506234587e-15
162 3.24494069280234e-15
163 3.55884304779743e-15
164 3.90090831349021e-15
165 4.27320730936941e-15
166 4.67845908641424e-15
167 5.11966844244954e-15
168 5.59947460135895e-15
169 6.12061888991990e-15
170 6.68675384295578e-15
171 7.30190965559524e-15
172 7.96956699329462e-15
173 8.69333300685964e-15
174 9.47807781175771e-15
175 1.03291717647486e-14
176 1.12511791555582e-14
177 1.22488070878874e-14
178 1.33285083966888e-14
179 1.44974037399936e-14
180 1.57614304141145e-14
181 1.71266882350268e-14
182 1.86016871106154e-14
183 2.01958039116369e-14
184 2.19167103500881e-14
185 2.37722722402238e-14
186 2.57736370749670e-14
187 2.79330826989384e-14
188 3.02604764062777e-14
189 3.27658819298212e-14
190 3.54638212733339e-14
191 3.83703073376312e-14
192 4.14979347742064e-14
193 4.48594974743832e-14
194 4.84738443768804e-14
195 5.23617279351183e-14
196 5.65391262230538e-14
197 6.10222422302771e-14
198 6.58353880080648e-14
199 7.10053242904863e-14
200 7.65522496509676e-14
201 8.24965260481704e-14
202 8.88693609019633e-14
203 9.57051565063342e-14
204 1.03029256017733e-13
205 1.10867099312187e-13
206 1.19258631317379e-13
207 1.28247816945868e-13
208 1.37866276836344e-13
209 1.48145703537745e-13
210 1.59136926696148e-13
211 1.70895882280523e-13
212 1.83461920753519e-13
213 1.96874220203760e-13
214 2.11197180249827e-13
215 2.26501805301388e-13
216 2.42836698880945e-13
217 2.60250023157357e-13
218 2.78823207797040e-13
219 2.98645876009473e-13
220 3.19777744123549e-13
221 3.42277912298808e-13
222 3.66248759429115e-13
223 3.91802961925363e-13
224 4.19013772470015e-13
225 4.47953125410182e-13
226 4.78749245449808e-13
227 5.11543566411801e-13
228 5.46425247160337e-13
229 5.83481383703894e-13
230 6.22872354409148e-13
231 6.64774723020679e-13
232 7.09296466417718e-13
233 7.56542942902057e-13
234 8.06713652254317e-13
235 8.60028222495497e-13
236 9.16617335690928e-13
237 9.76607352321998e-13
238 1.04024556077865e-12
239 1.10780490395656e-12
240 1.17944224415300e-12
241 1.25530832129181e-12
242 1.33570946973599e-12
243 1.42098306898820e-12
244 1.51131647684508e-12
245 1.60688958013146e-12
246 1.70807978195234e-12
247 1.81530276015203e-12
248 1.92878240367775e-12
249 2.04873131543083e-12
250 2.17561300086538e-12
251 2.30993942527174e-12
252 2.45197571271094e-12
253 2.60197180802790e-12
254 2.76049690514810e-12
255 2.92817821928217e-12
256 3.10532816690227e-12
257 3.29224099968275e-12
258 3.48961194629610e-12
259 3.69820711937306e-12
260 3.91839525332415e-12
261 4.15051903011187e-12
262 4.39542511208953e-12
263 4.65404948239806e-12
264 4.92682295515788e-12
265 5.21414228523268e-12
266 5.51703913651556e-12
267 5.83665092200432e-12
268 6.17347839405584e-12
269 6.52798231405832e-12
270 6.90141284676471e-12
271 7.29514842271874e-12
272 7.70977286131453e-12
273 8.14581429471744e-12
274 8.60478369453797e-12
275 9.08835277973781e-12
276 9.59719421052010e-12
277 1.01319095728879e-11
278 1.06943268689902e-11
279 1.12864626435272e-11
280 1.19090876888697e-11
281 1.25628903050230e-11
282 1.32500699293707e-11
283 1.39730528590827e-11
284 1.47327263703786e-11
285 1.55298656813108e-11
286 1.63671104140739e-11
287 1.72473834994543e-11
288 1.81716921010485e-11
289 1.91409024732079e-11
290 2.01581876547416e-11
291 2.12270495733566e-11
292 2.23486242553028e-11
293 2.35238864509924e-11
294 2.47566286182317e-11
295 2.60510365844500e-11
296 2.74084003162207e-11
297 2.88297939950755e-11
298 3.03197402542246e-11
299 3.18832506927707e-11
300 3.35217646908220e-11
301 3.52364544899961e-11
302 3.70327241025634e-11
303 3.89165405316650e-11
304 4.08894978390289e-11
305 4.29528869855989e-11
306 4.51131282118054e-11
307 4.73773102883698e-11
308 4.97472146534543e-11
309 5.22242234253665e-11
310 5.48159471805433e-11
311 5.75308253428259e-11
312 6.03708045235329e-11
313 6.33373417633171e-11
314 6.64394817847668e-11
315 6.96872146192466e-11
316 7.30826457530529e-11
317 7.66273316031841e-11
318 8.03319566659726e-11
319 8.42083223108022e-11
320 8.82587348486376e-11
321 9.24847837539043e-11
322 9.68990659478871e-11
323 1.01515557513046e-10
324 1.06336706602164e-10
325 1.11364092864765e-10
326 1.16612610147178e-10
327 1.22098713856765e-10
328 1.27824963854529e-10
329 1.33792952695239e-10
330 1.40020183906107e-10
331 1.46525993835628e-10
332 1.53313104404574e-10
333 1.60382988613964e-10
334 1.67756175853744e-10
335 1.75455454784339e-10
336 1.83483583737341e-10
337 1.91841818343579e-10
338 2.00554319166005e-10
339 2.09647782159756e-10
340 2.19124923637731e-10
341 2.28986803129861e-10
342 2.39261673684889e-10
343 2.49980751744552e-10
344 2.61146771722680e-10
345 2.72760341476493e-10
346 2.84854442635770e-10
347 2.97465696837571e-10
348 3.10596610180557e-10
349 3.24247154468054e-10
350 3.38455971215516e-10
351 3.53265760424437e-10
352 3.68678638569332e-10
353 3.84693944341944e-10
354 4.01356661848808e-10
355 4.18716490207030e-10
356 4.36775220566259e-10
357 4.55531109012762e-10
358 4.75036428348369e-10
359 4.95349236315618e-10
360 5.16470552771661e-10
361 5.38397206276421e-10
362 5.61190193397122e-10
363 5.84916907131274e-10
364 6.09577287182563e-10
365 6.35166721615806e-10
366 6.61755906772607e-10
367 6.89422944387878e-10
368 7.18166764751728e-10
369 7.47980527354183e-10
370 7.78946044495414e-10
371 8.11154185254699e-10
372 8.44602087733241e-10
373 8.79280104004427e-10
374 9.15283320796113e-10
375 9.52716781915382e-10
376 9.91575292727776e-10
377 1.03184632607063e-9
378 1.07363965319445e-9
379 1.11707650768611e-9
380 1.16214942420946e-9
381 1.20884170434446e-9
382 1.25727986053216e-9
383 1.30760441609520e-9
384 1.35980432668119e-9
385 1.41385773370166e-9
386 1.46991115374311e-9
387 1.52812638579949e-9
388 1.58848788170972e-9
389 1.65096850705205e-9
390 1.71573673925002e-9
391 1.78297859753916e-9
392 1.85267409152774e-9
393 1.92478867623714e-9
394 1.99951581115949e-9
395 2.07707033684463e-9
396 2.15742566703348e-9
397 2.24053829152231e-9
398 2.32663146102636e-9
399 2.41595162823149e-9
400 2.50846411656305e-9
401 2.60411619478344e-9
402 2.70316366902040e-9
403 2.80588883668918e-9
404 2.91224895946950e-9
405 3.02217875017036e-9
406 3.13597086324305e-9
407 3.25395024101610e-9
408 3.37606266747719e-9
409 3.50222778513352e-9
410 3.63278224316245e-9
411 3.76809746369290e-9
412 3.90810535191009e-9
413 4.05271014861784e-9
414 4.20229621786525e-9
415 4.35728753559804e-9
416 4.51760215937333e-9
417 4.68312364162324e-9
418 4.85429026782130e-9
419 5.03158847389754e-9
420 5.21491709268939e-9
421 5.40413521270409e-9
422 5.59974537468590e-9
423 5.80230174138729e-9
424 6.01168023044842e-9
425 6.22771485961629e-9
426 6.45097757341660e-9
427 6.68209882684201e-9
428 6.92093160323225e-9
429 7.16727688092864e-9
430 7.42178465431058e-9
431 7.68517606514051e-9
432 7.95727294893124e-9
433 8.23783737877590e-9
434 8.52761250879711e-9
435 8.82741722173598e-9
436 9.13703652801826e-9
437 9.45619291547869e-9
438 9.78572941920241e-9
439 1.01265747476642e-8
440 1.04784771389573e-8
441 1.08411072626895e-8
442 1.12154203522951e-8
443 1.16024755645659e-8
444 1.20019718576695e-8
445 1.24135195867488e-8
446 1.28382076534084e-8
447 1.32772351296049e-8
448 1.37302432962974e-8
449 1.41967810393312e-8
450 1.46780800603154e-8
451 1.51754960940264e-8
452 1.56886127880009e-8
453 1.62168996593238e-8
454 1.67617480406155e-8
455 1.73246998404985e-8
456 1.79052625322995e-8
457 1.85028134484837e-8
458 1.91189344998255e-8
459 1.97553661058465e-8
460 2.04115270729969e-8
461 2.10867014838445e-8
462 2.17826733492186e-8
463 2.25014048873391e-8
464 2.32422266115771e-8
465 2.40043025918294e-8
466 2.47896426100717e-8
467 2.56004722975493e-8
468 2.64360064089937e-8
469 2.72952709551407e-8
470 2.81805447665099e-8
471 2.90943330697743e-8
472 3.00357169118637e-8
473 3.10035825142517e-8
474 3.20004931135349e-8
475 3.30292653071689e-8
476 3.40888470584630e-8
477 3.51779465721023e-8
478 3.62994432879445e-8
479 3.74565238565397e-8
480 3.86479634564055e-8
481 3.98722657009685e-8
482 4.11326877637689e-8
483 4.24328068658151e-8
484 4.37711993640122e-8
485 4.51461632996312e-8
486 4.65613522215364e-8
487 4.80207774909416e-8
488 4.95228184054987e-8
489 5.10655114792850e-8
490 5.26529508721676e-8
491 5.42896636422081e-8
492 5.59737745067062e-8
493 5.77030219741833e-8
494 5.94820255419015e-8
495 6.13158542738622e-8
496 6.32023418037161e-8
497 6.51389269580382e-8
498 6.71307790127220e-8
499 6.91835675778933e-8
500 7.12948381047551e-8
501 7.34616514712117e-8
502 7.56897851478790e-8
503 7.79856228216722e-8
504 8.03463403037620e-8
505 8.27685678985978e-8
506 8.52588102336503e-8
507 8.78241973545228e-8
508 9.04614836659496e-8
509 9.31668697455966e-8
510 9.59476157112189e-8
511 9.88116772402529e-8
512 1.01755393373054e-7
513 1.04774422570538e-7
514 1.07876860836605e-7
515 1.11071645204869e-7
516 1.14354583586621e-7
517 1.17720721586500e-7
518 1.21179152680497e-7
519 1.24739835528792e-7
520 1.28397975900075e-7
521 1.32148007279596e-7
522 1.36000057059675e-7
523 1.39965210650933e-7
524 1.44038081057316e-7
525 1.48212335368575e-7
526 1.52499239389737e-7
527 1.56911219345185e-7
528 1.61442134594623e-7
529 1.66084785382114e-7
530 1.70851800260219e-7
531 1.75756993765039e-7
532 1.80793372671987e-7
533 1.85952878067393e-7
534 1.91249540761315e-7
535 1.96698704436323e-7
536 2.02292540393204e-7
537 2.08021912504023e-7
538 2.13902396484749e-7
539 2.19951155014444e-7
540 2.26159299199100e-7
541 2.32516483224136e-7
542 2.39040128367225e-7
543 2.45749273829082e-7
544 2.52633837119555e-7
545 2.59682272630637e-7
546 2.66913896995006e-7
547 2.74349810212864e-7
548 2.81978761932614e-7
549 2.89787712118316e-7
550 2.97798055533669e-7
551 3.06033346865230e-7
552 3.14480860476062e-7
553 3.23125876632022e-7
554 3.31992280974819e-7
555 3.41106147325926e-7
556 3.50453091823184e-7
557 3.60016741420299e-7
558 3.69823521440455e-7
559 3.79902268973887e-7
560 3.90236985388906e-7
561 4.00809233803458e-7
562 4.11648226624688e-7
563 4.22786091590332e-7
564 4.34204791989849e-7
565 4.45883587169349e-7
566 4.57855023033562e-7
567 4.70154592583985e-7
568 4.82761978603739e-7
569 4.95654170823553e-7
570 5.08867108779511e-7
571 5.22439966321286e-7
572 5.36350208768702e-7
573 5.50572009919395e-7
574 5.65145015126619e-7
575 5.80112788402474e-7
576 5.95450006767156e-7
577 6.11127696367415e-7
578 6.27189951339603e-7
579 6.43684802186156e-7
580 6.60583810061080e-7
581 6.77854923688712e-7
582 6.95546733370175e-7
583 7.13712150621299e-7
584 7.32319720961752e-7
585 7.51333564500318e-7
586 7.70807187339669e-7
587 7.90799321122120e-7
588 8.11274720574987e-7
589 8.32193253906108e-7
590 8.53614315762674e-7
591 8.75602539715961e-7
592 8.98118461561971e-7
593 9.21117788801845e-7
594 9.44665859836638e-7
595 9.68833740387798e-7
596 9.93577889056253e-7
597 1.01884886575435e-6
598 1.04471847545002e-6
599 1.07126546598854e-6
600 1.09844118743477e-6
601 1.12619047307808e-6
602 1.15459290427370e-6
603 1.18373498008828e-6
604 1.21356236997118e-6
605 1.24401434663857e-6
606 1.27517828360107e-6
607 1.30714912109508e-6
608 1.33986706518930e-6
609 1.37326448583499e-6
610 1.40743724785712e-6
611 1.44249037076269e-6
612 1.47835721287765e-6
613 1.51496251406823e-6
614 1.55241232621901e-6
615 1.59082180825744e-6
616 1.63011673280058e-6
617 1.67021442268452e-6
618 1.71123112897898e-6
619 1.75329302222661e-6
620 1.79631859077931e-6
621 1.84021599830928e-6
622 1.88511255400838e-6
623 1.93114760121724e-6
624 1.97823052262724e-6
625 2.02625933786050e-6
626 2.07537467755861e-6
627 2.12572907065838e-6
628 2.17722182011444e-6
629 2.22974115987305e-6
630 2.28344096142885e-6
631 2.33848806516165e-6
632 2.39477214049644e-6
633 2.45216929242205e-6
634 2.51084777464153e-6
635 2.57099154544018e-6
636 2.63247822239553e-6
637 2.69517056020876e-6
638 2.75925409715805e-6
639 2.82492987640129e-6
640 2.89206222352016e-6
641 2.96050099840841e-6
642 3.03044890926418e-6
643 3.10212549467028e-6
644 3.17538239406947e-6
645 3.25005356610353e-6
646 3.32636027302998e-6
647 3.40454421791743e-6
648 3.48444120842968e-6
649 3.56586765943466e-6
650 3.64906723089975e-6
651 3.73430363928278e-6
652 3.82139523808188e-6
653 3.91014162891132e-6
654 4.00080855694461e-6
655 4.09368356136279e-6
656 4.18856841558544e-6
657 4.28524190079348e-6
658 4.38399368096489e-6
659 4.48513983752643e-6
660 4.58846143087635e-6
661 4.69371441056290e-6
662 4.80121724001203e-6
663 4.91131427400767e-6
664 5.02376381448615e-6
665 5.13829990151107e-6
666 5.25526938791377e-6
667 5.37504714510246e-6
668 5.49736988784686e-6
669 5.62194465479454e-6
670 5.74914888691842e-6
671 5.87939409185443e-6
672 6.01239007190517e-6
673 6.14781418207386e-6
674 6.28608086166406e-6
675 6.42763773687004e-6
676 6.57216504519062e-6
677 6.71931187747666e-6
678 6.86952887802871e-6
679 7.02330264603696e-6
680 7.18028551113487e-6
681 7.34009157243482e-6
682 7.50321057815614e-6
683 7.67017591044096e-6
684 7.84060505395573e-6
685 8.01407387479456e-6
686 8.19111929241375e-6
687 8.37232069447987e-6
688 8.55725741580925e-6
689 8.74546885962699e-6
690 8.93753810916026e-6
691 9.13409406401478e-6
692 9.33468009386751e-6
693 9.53879067657453e-6
694 9.74705848827668e-6
695 9.96017199406079e-6
696 0.0000101776297413529
697 0.0000103988769821437
698 0.0000106246065104547
699 0.0000108555650857509
700 0.0000110912021870616
701 0.0000113309164856615
702 0.0000115754591718275
703 0.0000118256397404006
704 0.0000120808616286399
705 0.0000123404658419914
706 0.0000126052664742525
707 0.0000128761484796131
708 0.0000131524578210342
709 0.0000134334726930701
710 0.0000137200832346137
711 0.0000140132480739847
712 0.0000143122504541726
713 0.0000146163090375618
714 0.0000149263878490212
715 0.0000152435246058037
716 0.0000155669437714734
717 0.0000158957906488215
718 0.0000162311084263538
719 0.0000165740301615850
720 0.0000169237070732228
721 0.0000172792043144319
722 0.0000176416612580595
723 0.0000180123036138507
724 0.0000183902026547504
725 0.0000187743481738330
726 0.0000191659722959705
727 0.0000195664001951275
728 0.0000199746285836022
729 0.0000203895539054863
730 0.0000208125079671851
731 0.0000212449358211330
732 0.0000216857410851341
733 0.0000221337188309264
734 0.0000225903216187576
735 0.0000230571107514649
736 0.0000235328885473846
737 0.0000240163545837684
738 0.0000245090779398145
739 0.0000250127443917264
740 0.0000255260619018870
741 0.0000260476122975675
742 0.0000265790891882407
743 0.0000271223287348276
744 0.0000276759212623909
745 0.0000282383203213088
746 0.0000288113711679131
747 0.0000293970551131048
748 0.0000299938344504217
749 0.0000306000428468515
750 0.0000312176707930213
751 0.0000318488550406817
752 0.0000324919391921056
753 0.0000331451082987970
754 0.0000338105085663562
755 0.0000344904645227998
756 0.0000351831714679480
757 0.0000358866535149159
758 0.0000366032459273506
759 0.0000373354540919860
760 0.0000380813124034242
761 0.0000388386942570730
762 0.0000396101161262549
763 0.0000403982766019576
764 0.0000412010610680092
765 0.0000420161569479057
766 0.0000428462739021913
767 0.0000436943444860643
768 0.0000445580681766894
769 0.0000454349302964074
770 0.0000463278763602022
771 0.0000472400632182758
772 0.0000481689885530213
773 0.0000491119499602454
774 0.0000500721172834920
775 0.0000510528870686393
776 0.0000520515710048133
777 0.0000530652337208291
778 0.0000540972850705745
779 0.0000551514117910335
780 0.0000562246929975849
781 0.0000573139416568348
782 0.0000584228597055657
783 0.0000595554115648054
784 0.0000607084246311846
785 0.0000618784776152097
786 0.0000630695505542624
787 0.0000642859038629423
788 0.0000655241331927188
789 0.0000667805278503773
790 0.0000680593637273880
791 0.0000693652604941630
792 0.0000706945243890260
793 0.0000720431309723780
794 0.0000734157181983115
795 0.0000748172479497135
796 0.0000762437130488393
797 0.0000776907993808903
798 0.0000791634870022613
799 0.0000806671027057281
800 0.0000821973521715380
801 0.0000837495612713046
802 0.0000853290753544689
803 0.0000869416640530489
804 0.0000885826735162950
805 0.0000902470417005240
806 0.0000919405595117945
807 0.0000936694176500499
808 0.0000954285740816379
809 0.0000972126077386389
810 0.0000990277311068321
811 0.000100880582734729
812 0.000102765765284180
813 0.000104677413563936
814 0.000106622187547375
815 0.000108607270749330
816 0.000110626821487899
817 0.000112674494174451
818 0.000114757497835470
819 0.000116883531754172
820 0.000119046274219300
821 0.000121238938672059
822 0.000123469249592825
823 0.000125745455175200
824 0.000128060796409911
825 0.000130407937908002
826 0.000132795153439761
827 0.000135231358972702
828 0.000137709247187692
829 0.000140220892597560
830 0.000142775240678941
831 0.000145381838325688
832 0.000148032787558345
833 0.000150719619899343
834 0.000153451912365069
835 0.000156239881671671
836 0.000159075092224650
837 0.000161948402830946
838 0.000164870059524201
839 0.000167851096064885
840 0.000170882403611524
841 0.000173954114734855
842 0.000177077298514675
843 0.000180263757200867
844 0.000183503656099353
845 0.000186786465152602
846 0.000190124021160037
847 0.000193528942746858
848 0.000196990737791345
849 0.000200498049954114
850 0.000204063532805047
851 0.000207700800506691
852 0.000211398535277736
853 0.000215144494277242
854 0.000218952332259132
855 0.000222836598383621
856 0.000226785087197115
857 0.000230784744798556
858 0.000234850161557389
859 0.000238996877307364
860 0.000243211883348259
861 0.000247481119074388
862 0.000251820164126459
863 0.000256245769916689
864 0.000260743919990579
865 0.000265299469212174
866 0.000269929217390350
867 0.000274651048625032
868 0.000279449862173531
869 0.000284309528970771
870 0.000289247980104623
871 0.000294284300682380
872 0.000299402413507757
873 0.000304584960212485
874 0.000309851073261490
875 0.000315221306297258
876 0.000320678353365909
877 0.000326203539882431
878 0.000331817474756711
879 0.000337542082487737
880 0.000343358738889371
881 0.000349247571787878
882 0.000355230561676546
883 0.000361331083010785
884 0.000367529325286987
885 0.000373803927254908
886 0.000380178316824132
887 0.000386677646467760
888 0.000393280614564622
889 0.000399964258406344
890 0.000406753796298998
891 0.000413676032864496
892 0.000420708065193996
893 0.000427825486055137
894 0.000435055163491765
895 0.000442425651259418
896 0.000449912612333075
897 0.000457489830931502
898 0.000465185924315766
899 0.000473031590362295
900 0.000481000684024490
901 0.000489065056521848
902 0.000497255480512963
903 0.000505604643723141
904 0.000514084464794727
905 0.000522665046252075
906 0.000531379151137064
907 0.000540261568368964
908 0.000549282483802512
909 0.000558409820850595
910 0.000567678439673613
911 0.000577125712458355
912 0.000586719642658425
913 0.000596425814215824
914 0.000606281688266466
915 0.000616327023690756
916 0.000626527484142762
917 0.000636846555436798
918 0.000647324081190272
919 0.000658002342768918
920 0.000668844920373727
921 0.000679812666615272
922 0.000690947947521132
923 0.000702296144945817
924 0.000713818206318668
925 0.000725472175299799
926 0.000737303533943439
927 0.000749360525077809
928 0.000761601281608159
929 0.000773981319766855
930 0.000786548983026475
931 0.000799355530056778
932 0.000812356589088592
933 0.000825504520008277
934 0.000838850675773799
935 0.000852450033564870
936 0.000866255059623357
937 0.000880214730817836
938 0.000894384143387096
939 0.000908821689926395
940 0.000923476452858559
941 0.000938294391710819
942 0.000953334011697295
943 0.000968657309839868
944 0.000984210371768004
945 0.000999935361660610
946 0.00101589438824448
947 0.00103215389110687
948 0.00104865616030715
949 0.00106533931770420
950 0.00108226993632000
951 0.00109951853145958
952 0.00111702334249224
953 0.00113471887412003
954 0.00115267577532808
955 0.00117096885189479
956 0.00118953275765375
957 0.00120829746967205
958 0.00122733791720724
959 0.00124673421032082
960 0.00126641646653949
961 0.00128630981694075
962 0.00130649453022363
963 0.00132705556099989
964 0.00134791817927401
965 0.00136900321886759
966 0.00139039578257216
967 0.00141218593051909
968 0.00143429466343141
969 0.00145663739532341
970 0.00147930433283901
971 0.00150239184550369
972 0.00152581551372073
973 0.00154948498849385
974 0.00157349681604568
975 0.00159795312301997
976 0.00162276371351147
977 0.00164783310987960
978 0.00167326361464173
979 0.00169916340528915
980 0.00172543720168782
981 0.00175198308995033
982 0.00177890940856423
983 0.00180633183720631
984 0.00183414864645196
985 0.00186225104468618
986 0.00189075492102806
987 0.00191978276927233
988 0.00194922597882341
989 0.00197896969216545
990 0.00200913659699164
991 0.00203985635750739
992 0.00207101433622417
993 0.00210248800515599
994 0.00213440721963404
995 0.00216691053139688
996 0.00219987563029563
997 0.00223317184491671
998 0.00226693795882483
999 0.00230132058800383
1000 0.00233618925936791
1001 0.00237140609243632
1002 0.00240711793375719
1003 0.00244347986354542
1004 0.00248035426160593
1005 0.00251759417879863
1006 0.00255535490299773
1007 0.00259380203950458
1008 0.00263278887907382
1009 0.00267215879385027
1010 0.00271207766433335
1011 0.00275272060196473
1012 0.00279393121395869
1013 0.00283554438357516
1014 0.00287773547471565
1015 0.00292068959074311
1016 0.00296424190228692
1017 0.00300821652896661
1018 0.00305279882095396
1019 0.00309818630007296
1020 0.00314420336978482
1021 0.00319066273746706
1022 0.00323776222813137
1023 0.00328571057132448
1024 0.00333432073004822
1025 0.00338339536475181
1026 0.00343314350436882
1027 0.00348378562694306
1028 0.00353512473290777
1029 0.00358695080855342
1030 0.00363948459842793
1031 0.00369296123044173
1032 0.00374717100194573
1033 0.00380189039056241
1034 0.00385735488422485
1035 0.00391381277313447
1036 0.00397104083703810
1037 0.00402880377102157
1038 0.00408735019077194
1039 0.00414694220227365
1040 0.00420734487429388
1041 0.00426830791707819
1042 0.00433009375453052
1043 0.00439298171399446
1044 0.00445672187399608
1045 0.00452104808174437
1046 0.00458624005739911
1047 0.00465259258872389
1048 0.00471983984887711
1049 0.00478770179200755
1050 0.00485647359302209
1051 0.00492646622311790
1052 0.00499740007945573
1053 0.00506897754261453
1054 0.00514150992428368
1055 0.00521532843890756
1056 0.00529013586639659
1057 0.00536561588054156
1058 0.00544210016261573
1059 0.00551993801551967
1060 0.00559881349974153
1061 0.00567839405892187
1062 0.00575902941469902
1063 0.00584108783476605
1064 0.00592423724674991
1065 0.00600812439606357
1066 0.00609311795563425
1067 0.00617960990288592
1068 0.00626724745658496
1069 0.00635565547690314
1070 0.00644522644826500
1071 0.00653637351883102
1072 0.00662872196360488
1073 0.00672187757734980
1074 0.00681625400701933
1075 0.00691228653873864
1076 0.00700958153933320
1077 0.00710772061976306
1078 0.00720713949635828
1079 0.00730830122586749
1080 0.00741078792995916
1081 0.00751415550291458
1082 0.00761886760580525
1083 0.00772541198031739
1084 0.00783334501388911
1085 0.00794220041399795
1086 0.00805246645555752
1087 0.00816465673294956
1088 0.00827830557473356
1089 0.00839291830315433
1090 0.00850900902728809
1091 0.00862712375384163
1092 0.00874676841267217
1093 0.00886741835218737
1094 0.00898962023124492
1095 0.00911394885312681
1096 0.00923988008821774
1097 0.00936686331157060
1098 0.00949547396298085
1099 0.00962631691830148
1100 0.00975884228892667
1101 0.00989246640211078
1102 0.0100277946767330
1103 0.0101654698286478
1104 0.0103049088360802
1105 0.0104454929293831
1106 0.0105878655996015
1107 0.0107327030248161
1108 0.0108793870576767
1109 0.0110272688075686
1110 0.0111770251294286
1111 0.0113293672031271
1112 0.0114836469342511
1113 0.0116391767780346
1114 0.0117966685661189
1115 0.0119568775005555
1116 0.0121191168088902
1117 0.0122826581801872
1118 0.0124482576474673
1119 0.0126167093185900
1120 0.0127872855372237
1121 0.0129592228457838
1122 0.0131333161640379
1123 0.0133104001859434
1124 0.0134897123990539
1125 0.0136704445010432
1126 0.0138534318631404
1127 0.0140395604066169
1128 0.0142280226504239
1129 0.0144179627108204
1130 0.0146102675007781
1131 0.0148058680029254
1132 0.0150039091187829
1133 0.0152034943497279
1134 0.0154055555351994
1135 0.0156110707528248
1136 0.0158191445148882
1137 0.0160288280377492
1138 0.0162411002153754
1139 0.0164569985276763
1140 0.0166755751702344
1141 0.0168958262736549
1142 0.0171187903764496
1143 0.0173455571933602
1144 0.0175751236736676
1145 0.0178064387122502
1146 0.0180405930490288
1147 0.0182787308335933
1148 0.0185198021629467
1149 0.0187626954669437
1150 0.0190085557375839
1151 0.0192585960337463
1152 0.0195117058217462
1153 0.0197667094445655
1154 0.0200248212268711
1155 0.0202873145459736
1156 0.0205530147245397
1157 0.0208206916968390
1158 0.0210916199132338
1159 0.0213671357188298
1160 0.0216460103283985
1161 0.0219269433940831
1162 0.0222112722845080
1163 0.0225004130140204
1164 0.0227930664737677
1165 0.0230878583656875
1166 0.0233862060394081
1167 0.0236895952185872
1168 0.0239966526164761
1169 0.0243059408410484
1170 0.0246189469079819
1171 0.0249372290993316
1172 0.0252593515526448
1173 0.0255837958620584
1174 0.0259121213552085
1175 0.0262459784697112
1176 0.0265838500933152
1177 0.0269241320409051
1178 0.0272684763507414
1179 0.0276186137099800
1180 0.0279729411535939
1181 0.0283297820456444
1182 0.0286908684188729
1183 0.0290580146588199
1184 0.0294295457484627
1185 0.0298036911729126
1186 0.0301822665856701
1187 0.0305671926009930
1188 0.0309567002556764
1189 0.0313489203472705
1190 0.0317457751712870
1191 0.0321492778155308
1192 0.0325575603292357
1193 0.0329686697475309
1194 0.0333846207841729
1195 0.0338075227048601
1196 0.0342354244723803
1197 0.0346662652299924
1198 0.0351021555240466
1199 0.0355453271389137
1200 0.0359937208298645
1201 0.0364451615904251
1202 0.0369018832313495
1203 0.0373662237002576
1204 0.0378360095082857
1205 0.0383089697672409
1206 0.0387874440925527
1207 0.0392738810618384
1208 0.0397660118132824
1209 0.0402614407758801
1210 0.0407626180963060
1211 0.0412721331764926
1212 0.0417875923925235
1213 0.0423064692453725
1214 0.0428313552509225
1215 0.0433649618235707
1216 0.0439047639921230
1217 0.0444481247071105
1218 0.0449977574073551
1219 0.0455565002644619
1220 0.0461217186552307
1221 0.0466906326449179
1222 0.0472660819787811
1223 0.0478510668204285
1224 0.0484428092418024
1225 0.0490383782999103
1226 0.0496407766984737
1227 0.0502531442839246
1228 0.0508725519775744
1229 0.0514959426427999
1230 0.0521264581911716
1231 0.0527673838754708
1232 0.0534156651004125
1233 0.0540680800734656
1234 0.0547279159881036
1235 0.0553986438052829
1236 0.0560770441488655
1237 0.0567597225030872
1238 0.0574501524592992
1239 0.0581519650731837
1240 0.0588617676922898
1241 0.0595760206789157
1242 0.0602983576166002
1243 0.0610325757366965
1244 0.0617751384523853
1245 0.0625223179778431
1246 0.0632779134490853
1247 0.0640459351508047
1248 0.0648226577654493
1249 0.0656041548009177
1250 0.0663944397236751
1251 0.0671977056031535
1252 0.0680100282469331
1253 0.0688273159901116
1254 0.0696537644582632
1255 0.0704937568770578
1256 0.0713432047343911
1257 0.0721978001058162
1258 0.0730619285855601
1259 0.0739402169844459
1260 0.0748283603757107
1261 0.0757218241601821
1262 0.0766252384311519
1263 0.0775434389866515
1264 0.0784718934997919
1265 0.0794058779331410
1266 0.0803502312047934
1267 0.0813100058574239
1268 0.0822804816516304
1269 0.0832566880731042
1270 0.0842436799694385
1271 0.0852467886178663
1272 0.0862610465521232
1273 0.0872812231746590
1274 0.0883126537463605
1275 0.0893609075708671
1276 0.0904207568480778
1277 0.0914867559353131
1278 0.0925644772600409
1279 0.0936597375058421
1280 0.0947670949403085
1281 0.0958808213132639
1282 0.0970067362148483
1283 0.0981509742370923
1284 0.0993078108490721
1285 0.100471221917439
1286 0.101647346083861
1287 0.102842589407696
1288 0.104050930482670
1289 0.105266099109805
1290 0.106494505200514
1291 0.107742836065266
1292 0.109004826248708
1293 0.110273884322503
1294 0.111556700388500
1295 0.112860324691597
1296 0.114178169517830
1297 0.115503304759315
1298 0.116842785596696
1299 0.118203970667017
1300 0.119579933267949
1301 0.120963464670245
1302 0.122361927348379
1303 0.123783000216257
1304 0.125219479394696
1305 0.126663788764889
1306 0.128123610754537
1307 0.129607037197047
1308 0.131106496533173
1309 0.132614028275562
1310 0.134137729255175
1311 0.135686042174455
1312 0.137251009841904
1313 0.138824353750985
1314 0.140414521363300
1315 0.142030318681353
1316 0.143663473059013
1317 0.145305289409356
1318 0.146964577056229
1319 0.148650612254375
1320 0.150354704447001
1321 0.152067719594103
1322 0.153798940090915
1323 0.155558039889356
1324 0.157335889101720
1325 0.159122994544454
1326 0.160929034816409
1327 0.162764096605234
1328 0.164618692673092
1329 0.166482854448205
1330 0.168366672872813
1331 0.170280768374456
1332 0.172215178002317
1333 0.174159436278946
1334 0.176124169803572
1335 0.178120450506457
1336 0.180137816820483
1337 0.182165394240860
1338 0.184214260503653
1339 0.186295954576807
1340 0.188399609199772
1341 0.190513812091835
1342 0.192650106207794
1343 0.194820637051994
1344 0.197013997876189
1345 0.199218210274421
1346 0.201445427304014
1347 0.203708305029508
1348 0.205994870028573
1349 0.208292683026529
1350 0.210614405724021
1351 0.212973223564812
1352 0.215356704601921
1353 0.217751797307544
1354 0.220171692289278
1355 0.222630261931085
1356 0.225114461542649
1357 0.227610600195971
1358 0.230132557802693
1359 0.232694785039971
1360 0.235283595628881
1361 0.237884774864300
1362 0.240512780553972
1363 0.243182661138246
1364 0.245880210875163
1365 0.248590524138927
1366 0.251328654057419
1367 0.254110427963099
1368 0.256920946886552
1369 0.259744578239772
1370 0.262597158655393
1371 0.265495167913456
1372 0.268422979462379
1373 0.271364372012959
1374 0.274335832196022
1375 0.277354515983209
1376 0.280404211001237
1377 0.283467911003743
1378 0.286562778123398
1379 0.289706848462943
1380 0.292883124109942
1381 0.296073779573207
1382 0.299296860195572
1383 0.302571139615148
1384 0.305878797885568
1385 0.309201341956175
1386 0.312557554099317
1387 0.315966969796451
1388 0.319411106958293
1389 0.322870588599179
1390 0.326364955729390
1391 0.329914739620511
1392 0.333500571364672
1393 0.337102144602604
1394 0.340740002073903
1395 0.344435505490021
1396 0.348168355671848
1397 0.351917497595370
1398 0.355704301164799
1399 0.359550987999575
