1 7.99651762781826e-136
2 4.39613205674297e-124
3 3.24063287188220e-117
4 2.41679915682265e-112
5 1.45455808302691e-108
6 1.78155676199056e-105
7 7.27318207142913e-103
8 1.32864938746287e-100
9 1.31328434439889e-98
10 7.99651762780371e-97
11 3.29014940884410e-95
12 9.79421187679355e-94
13 2.22173183951985e-92
14 3.99847412922686e-91
15 5.89467685473609e-90
16 7.30432725376442e-89
17 7.76978198064092e-88
18 7.21985703620066e-87
19 5.94690959113737e-86
20 4.39613205675896e-85
21 2.94749714824153e-84
22 1.80877876606892e-83
23 1.02396828038033e-82
24 5.38442492171815e-82
25 2.64582573986792e-81
26 1.22140999567390e-80
27 5.32215723727286e-80
28 2.19818439923122e-79
29 8.63819128770367e-79
30 3.24063287187630e-78
31 1.16414468179540e-77
32 4.01559637429756e-77
33 1.33335119410135e-76
34 4.27148281649179e-76
35 1.32298411179893e-75
36 3.96915838110594e-75
37 1.15549517828155e-74
38 3.26934812238813e-74
39 9.00369081487249e-74
40 2.41679915682265e-73
41 6.33098538597470e-73
42 1.62040369366114e-72
43 4.05667921187406e-72
44 9.94386642687168e-72
45 2.38885030630424e-71
46 5.62932515374957e-71
47 1.30231894532339e-70
48 2.96011890515799e-70
49 6.61527678750217e-70
50 1.45455808302426e-69
51 3.14874700034803e-69
52 6.71477246265084e-69
53 1.41143152501711e-68
54 2.92588688361153e-68
55 5.98474691077008e-68
56 1.20846465347526e-67
57 2.41001791081017e-67
58 4.74889588188312e-67
59 9.24973632878637e-67
60 1.78155676199704e-66
61 3.39441129881568e-66
62 6.39995307022654e-66
63 1.19448947566150e-65
64 2.20759745299766e-65
65 4.04130667360705e-65
66 7.33017570910390e-65
67 1.31770503164100e-64
68 2.34827251229760e-64
69 4.14968793118327e-64
70 7.27318207141590e-64
71 1.26466791057993e-63
72 2.18206789625527e-63
73 3.73673623729938e-63
74 6.35240192178676e-63
75 1.07223547360920e-62
76 1.79734313791323e-62
77 2.99253460149715e-62
78 4.94983137191713e-62
79 8.13499816451269e-62
80 1.32864938746287e-61
81 2.15683357370874e-61
82 3.48049602357323e-61
83 5.58401404066125e-61
84 8.90826351439040e-61
85 1.41331510906474e-60
86 2.23018298180230e-60
87 3.50067466157471e-60
88 5.46669838069840e-60
89 8.49397851447954e-60
90 1.31328434439650e-59
91 2.02076215357857e-59
92 3.09475423155105e-59
93 4.71776052906959e-59
94 7.15957411726722e-59
95 1.08173655301241e-58
96 1.62734257791039e-58
97 2.43780259685528e-58
98 3.63678687440104e-58
99 5.40347925243942e-58
100 7.99651762783280e-58
101 1.17878466248094e-57
102 1.73104196990058e-57
103 2.53251870935242e-57
104 3.69148520027734e-57
105 5.36146607963298e-57
106 7.75942686781549e-57
107 1.11909828110504e-56
108 1.60852332504993e-56
109 2.30427505634196e-56
110 3.29014940883811e-56
111 4.68270793903346e-56
112 6.64360469126173e-56
113 9.39637184324321e-56
114 1.32492135803969e-55
115 1.86258745157888e-55
116 2.61073312062352e-55
117 3.64879536080011e-55
118 5.08509632367210e-55
119 7.06695609647882e-55
120 9.79421187679355e-55
121 1.35372466320325e-54
122 1.86609734624764e-54
123 2.56566674496196e-54
124 3.51841140898020e-54
125 4.81272898444862e-54
126 6.56677533871742e-54
127 8.93811660814438e-54
128 1.21363953450980e-53
129 1.64399162442252e-53
130 2.22173183951581e-53
131 2.99558349828596e-53
132 4.02980671291512e-53
133 5.40897403492265e-53
134 7.24416002132792e-53
135 9.68094761860423e-53
136 1.29097646622898e-52
137 1.71792032551397e-52
138 2.28131506598472e-52
139 3.02327817471099e-52
140 3.99847412924140e-52
141 5.27771935274456e-52
142 6.95258536477640e-52
143 9.14126628443477e-52
144 1.19960451226469e-51
145 1.57127784181351e-51
146 2.05429247141757e-51
147 2.68087740338388e-51
148 3.49226988866828e-51
149 4.54114497669675e-51
150 5.89467685472537e-51
151 7.63839025733300e-51
152 9.88099839619500e-51
153 1.27604708818135e-50
154 1.64516329543107e-50
155 2.11756684038010e-50
156 2.72119857448656e-50
157 3.49130140277457e-50
158 4.47226253690092e-50
159 5.71990409984150e-50
160 7.30432725376442e-50
161 9.31343878073366e-50
162 1.18573179673305e-49
163 1.50736168078515e-49
164 1.91342292418041e-49
165 2.42535169327557e-49
166 3.06984418368016e-49
167 3.88010317260628e-49
168 4.89736965868247e-49
169 6.17280245786564e-49
170 7.76978198062678e-49
171 9.76673050332179e-49
172 1.22605606028435e-48
173 1.53708866865845e-48
174 1.92451624772760e-48
175 2.40649408042178e-48
176 3.00534921756106e-48
177 3.74850666232900e-48
178 4.66961407136639e-48
179 5.80990601725711e-48
180 7.21985703622692e-48
181 8.96118243327498e-48
182 1.11092574241263e-47
183 1.37560390004813e-47
184 1.70135913134968e-47
185 2.10183348514246e-47
186 2.59361627938262e-47
187 3.19685953064396e-47
188 3.93601749594402e-47
189 4.84073447981893e-47
190 5.94690959112655e-47
191 7.29797248456542e-47
192 8.94641043393722e-47
193 1.09555945238368e-46
194 1.34019615073002e-46
195 1.63776181850562e-46
196 1.99934472808081e-46
197 2.43828080220581e-46
198 2.97059413424635e-46
199 3.61552092131870e-46
200 4.39613205675896e-46
201 5.34007231613576e-46
202 6.48043721519723e-46
203 7.85681229348370e-46
204 9.51650387040444e-46
205 1.15159953310917e-45
206 1.39226688424410e-45
207 1.68168392089374e-45
208 2.02941545073398e-45
209 2.44684273660112e-45
210 2.94749714823617e-45
211 3.54745304362999e-45
212 4.26579003303584e-45
213 5.12513645787843e-45
214 6.15230786348446e-45
215 7.37905649998366e-45
216 8.84295049720657e-45
217 1.05884043808380e-44
218 1.26678860901879e-44
219 1.51433296939404e-44
220 1.80877876607550e-44
221 2.15873619192250e-44
222 2.57434591421846e-44
223 3.06754228356291e-44
224 3.65236030419473e-44
225 4.34529339382469e-44
226 5.16571005026706e-44
227 6.13633879414636e-44
228 7.28383219529356e-44
229 8.63942244165757e-44
230 1.02396828037846e-43
231 1.21274115198849e-43
232 1.43526571157274e-43
233 1.69739070243331e-43
234 2.00594646328378e-43
235 2.36890436158027e-43
236 2.79556126812940e-43
237 3.29675287313958e-43
238 3.88510020052341e-43
239 4.57529431255169e-43
240 5.38442492171815e-43
241 6.33235945288541e-43
242 7.44218003998210e-43
243 8.74068701333768e-43
244 1.02589786538434e-42
245 1.20331183779893e-42
246 1.41049020953937e-42
247 1.65227402731065e-42
248 1.93426712773673e-42
249 2.26295248750121e-42
250 2.64582573986310e-42
251 3.09154830528400e-42
252 3.61012292096937e-42
253 4.21309473594898e-42
254 4.91378157052733e-42
255 5.72753742807987e-42
256 6.67205390061090e-42
257 7.76770473517203e-42
258 9.03793953507812e-42
259 1.05097333682651e-41
260 1.22140999567834e-41
261 1.41866771388076e-41
262 1.64683944416667e-41
263 1.91062338977102e-41
264 2.21540966926998e-41
265 2.56737898783668e-41
266 2.97361492286255e-41
267 3.44223163984865e-41
268 3.98251908847453e-41
269 4.60510799182355e-41
270 5.32215723726318e-41
271 6.14756660946927e-41
272 7.09721817901969e-41
273 8.18925007851055e-41
274 9.44436686745952e-41
275 1.08861912135946e-40
276 1.25416622083995e-40
277 1.44414862960899e-40
278 1.66206475354504e-40
279 1.91189847427905e-40
280 2.19818439923122e-40
281 2.52608159881588e-40
282 2.90145689823526e-40
283 3.33097892094716e-40
284 3.82222422585235e-40
285 4.38379704211942e-40
286 5.02546428615723e-40
287 5.75830774680780e-40
288 6.59489554983793e-40
289 7.54947526366715e-40
290 8.63819128768795e-40
291 9.87932947592892e-40
292 1.12935922959227e-39
293 1.29044082090429e-39
294 1.47382793882857e-39
295 1.68251723676556e-39
296 1.91989567496138e-39
297 2.18978976887045e-39
298 2.49652085264278e-39
299 2.84496706824625e-39
300 3.24063287188809e-39
301 3.68972693947423e-39
302 4.19924945270664e-39
303 4.77708985823688e-39
304 5.43213631532620e-39
305 6.17439818382205e-39
306 7.01514305521273e-39
307 7.96704999681133e-39
308 9.04438086461664e-39
309 1.02631717457031e-38
310 1.16414468179328e-38
311 1.31994571659597e-38
312 1.49599473706772e-38
313 1.69484529967283e-38
314 1.91936324420716e-38
315 2.17276369887531e-38
316 2.45865233090372e-38
317 2.78107131391303e-38
318 3.14455053376395e-38
319 3.55416461033610e-38
320 4.01559637429756e-38
321 4.53520750582692e-38
322 5.12011711698898e-38
323 5.77828914188569e-38
324 6.51862948968232e-38
325 7.35109401577037e-38
326 8.28680847642115e-38
327 9.33820175355170e-38
328 1.05191537699476e-37
329 1.18451596623228e-37
330 1.33335119409892e-37
331 1.50035025424859e-37
332 1.68766468771457e-37
333 1.89769321884129e-37
334 2.13310927762170e-37
335 2.39689148955403e-37
336 2.69235744261938e-37
337 3.02320107222803e-37
338 3.39353403918760e-37
339 3.80793151330177e-37
340 4.27148281650733e-37
341 4.78984742470100e-37
342 5.36931687686866e-37
343 6.01688319438237e-37
344 6.74031447293937e-37
345 7.54823837484449e-37
346 8.45023432054813e-37
347 9.45693525638624e-37
348 1.05801399611402e-36
349 1.18329369476701e-36
350 1.32298411179652e-36
351 1.47869444417222e-36
352 1.65220820511794e-36
353 1.84550152787933e-36
354 2.06076333100952e-36
355 2.30041752834937e-36
356 2.56714748435623e-36
357 2.86392293449441e-36
358 3.19402961112416e-36
359 3.56110183797537e-36
360 3.96915838110594e-36
361 4.42264187127299e-36
362 4.92646214199497e-36
363 5.48604385963323e-36
364 6.10737885691409e-36
365 6.79708361949339e-36
366 7.56246241657092e-36
367 8.41157661174143e-36
368 9.35332073970923e-36
369 1.03975059882250e-35
370 1.15549517827944e-35
371 1.28375862351536e-35
372 1.42585562859034e-35
373 1.58323484470303e-35
374 1.75749211315158e-35
375 1.95038496460110e-35
376 2.16384850196011e-35
377 2.40001279469328e-35
378 2.66122192376372e-35
379 2.95005482877401e-35
380 3.26934812240002e-35
381 3.62222105186200e-35
382 4.01210280297719e-35
383 4.44276235953091e-35
384 4.91834114948525e-35
385 5.44338872986763e-35
386 6.02290178406788e-35
387 6.66236672907351e-35
388 7.36780625616826e-35
389 8.14583015671474e-35
390 9.00369081485611e-35
391 9.94934378181019e-35
392 1.09915138822875e-34
393 1.21397673422774e-34
394 1.34045904690170e-34
395 1.47974754591136e-34
396 1.63310139600946e-34
397 1.80189990638268e-34
398 1.98765364672504e-34
399 2.19201655977716e-34
400 2.41679915682265e-34
401 2.66398288991150e-34
402 2.93573580237265e-34
403 3.23442956763445e-34
404 3.56265803560380e-34
405 3.92325741578813e-34
406 4.31932823696152e-34
407 4.75425923469450e-34
408 5.23175333064249e-34
409 5.75585588100163e-34
410 6.33098538596319e-34
411 6.96196686763767e-34
412 7.65406814099707e-34
413 8.41303922071523e-34
414 9.24515512631619e-34
415 1.01572623692141e-33
416 1.11568294283514e-33
417 1.22520015459348e-33
418 1.34516602011364e-33
419 1.47654876482070e-33
420 1.62040369366703e-33
421 1.77788078646984e-33
422 1.95023293522672e-33
423 2.13882487591529e-33
424 2.34514287148693e-33
425 2.57080520726001e-33
426 2.81757356468289e-33
427 3.08736534459920e-33
428 3.38226701679175e-33
429 3.70454857861047e-33
430 4.05667921186668e-33
431 4.44134423408516e-33
432 4.86146344776309e-33
433 5.32021099934719e-33
434 5.82103686815225e-33
435 6.36769011466588e-33
436 6.96424402777704e-33
437 7.61512332121954e-33
438 8.32513354085136e-33
439 9.09949285666542e-33
440 9.94386642687168e-33
441 1.08644035356955e-32
442 1.18677777215768e-32
443 1.29612301287511e-32
444 1.41526163330556e-32
445 1.54504569117845e-32
446 1.68639920473291e-32
447 1.84032404759186e-32
448 2.00790631164480e-32
449 2.19032317395051e-32
450 2.38885030629990e-32
451 2.60486986892924e-32
452 2.83987913300432e-32
453 3.09549977981248e-32
454 3.37348792806231e-32
455 3.67574494444592e-32
456 4.00432909674723e-32
457 4.36146811314723e-32
458 4.74957271592707e-32
459 5.17125120270418e-32
460 5.62932515377005e-32
461 6.12684634983617e-32
462 6.66711499045688e-32
463 7.25369930986796e-32
464 7.89045669411213e-32
465 8.58155641084448e-32
466 9.33150407100453e-32
467 1.01451679500041e-31
468 1.10278073054234e-31
469 1.19851028380439e-31
470 1.30231894532103e-31
471 1.41486914905564e-31
472 1.53687606023425e-31
473 1.66911164734831e-31
474 1.81240905895716e-31
475 1.96766732735779e-31
476 2.13585642278295e-31
477 2.31802268345871e-31
478 2.51529464856942e-31
479 2.72888932304494e-31
480 2.96011890515799e-31
481 3.21039801009005e-31
482 3.48125142484606e-31
483 3.77432243231890e-31
484 4.09138174499627e-31
485 4.43433709161633e-31
486 4.80524350294899e-31
487 5.20631434600989e-31
488 5.63993315950331e-31
489 6.10866634692919e-31
490 6.61527678749014e-31
491 7.16273842897280e-31
492 7.75425193129195e-31
493 8.39326143408268e-31
494 9.08347252648515e-31
495 9.82887150246720e-31
496 1.06337459908571e-30
497 1.15027070553101e-30
498 1.24407128655384e-30
499 1.34530940478182e-30
500 1.45455808302955e-30
501 1.57243321063909e-30
502 1.69959665474238e-30
503 1.83675959041463e-30
504 1.98468606465324e-30
505 2.14419681011521e-30
506 2.31617332554467e-30
507 2.50156224091916e-30
508 2.70137998658293e-30
509 2.91671778691361e-30
510 3.14874700034231e-30
511 3.39872482894789e-30
512 3.66800042243495e-30
513 3.95802140293843e-30
514 4.27034083871840e-30
515 4.60662469659368e-30
516 4.96865980499548e-30
517 5.35836236160626e-30
518 5.77778702160593e-30
519 6.22913660481889e-30
520 6.71477246265084e-30
521 7.23722554835800e-30
522 7.79920823679725e-30
523 8.40362694268985e-30
524 9.05359558974001e-30
525 9.75244998632294e-30
526 1.05037631667511e-29
527 1.13113617607828e-29
528 1.21793434582486e-29
529 1.31120956399506e-29
530 1.41143152501454e-29
531 1.51910299905474e-29
532 1.63476209211375e-29
533 1.75898465584856e-29
534 1.89238685675258e-29
535 2.03562791485646e-29
536 2.18941302280881e-29
537 2.35449645687913e-29
538 2.53168489208248e-29
539 2.72184093436166e-29
540 2.92588688362217e-29
541 3.14480874228086e-29
542 3.37966048481332e-29
543 3.63156860471116e-29
544 3.90173695634768e-29
545 4.19145191034105e-29
546 4.50208784203575e-29
547 4.83511297388563e-29
548 5.19209559389596e-29
549 5.57471067365306e-29
550 5.98474691075919e-29
551 6.42411422194788e-29
552 6.89485171488703e-29
553 7.39913616840054e-29
554 7.93929105244488e-29
555 8.51779612100192e-29
556 9.13729761323037e-29
557 9.80061910037946e-29
558 1.05107730179659e-28
559 1.12709729249955e-28
560 1.20846465347526e-28
561 1.29554495643890e-28
562 1.38872804530200e-28
563 1.48842960008838e-28
564 1.59509279855608e-28
565 1.70919008146361e-28
566 1.83122502772575e-28
567 1.96173434605868e-28
568 2.10128999014589e-28
569 2.25050140477876e-28
570 2.41001791080579e-28
571 2.58053123716454e-28
572 2.76277820881149e-28
573 2.95754359989163e-28
574 3.16566316195814e-28
575 3.38802683759947e-28
576 3.62558217050750e-28
577 3.87933792367617e-28
578 4.15036791799711e-28
579 4.43981510419614e-28
580 4.74889588190040e-28
581 5.07890468043985e-28
582 5.43121881669713e-28
583 5.80730364615723e-28
584 6.20871802436420e-28
585 6.63712009700268e-28
586 7.09427343769249e-28
587 7.58205355361998e-28
588 8.10245478044521e-28
589 8.65759758917645e-28
590 9.24973632876954e-28
591 9.88126742948639e-28
592 1.05547380936845e-27
593 1.12728555022599e-27
594 1.20384965662680e-27
595 1.28547182548188e-27
596 1.37247685323799e-27
597 1.46520979405380e-27
598 1.56403718608543e-27
599 1.66934834973853e-27
600 1.78155676199704e-27
601 1.90110151117502e-27
602 2.02844883663145e-27
603 2.16409375822499e-27
604 2.30856180059987e-27
605 2.46241081768540e-27
606 2.62623292302635e-27
607 2.80065653185220e-27
608 2.98634852118272e-27
609 3.18401651462602e-27
610 3.39441129880950e-27
611 3.61832937874023e-27
612 3.85661567987325e-27
613 4.11016640510796e-27
614 4.37993205527543e-27
615 4.66692062211580e-27
616 4.97220096334038e-27
617 5.29690636991581e-27
618 5.64223833612108e-27
619 6.00947054346016e-27
620 6.39995307024982e-27
621 6.81511683936708e-27
622 7.25647831713875e-27
623 7.72564447700369e-27
624 8.22431804248830e-27
625 8.75430302485004e-27
626 9.31751057134195e-27
627 9.91596514083991e-27
628 1.05518110246966e-26
629 1.12273192316828e-26
630 1.19448947565932e-26
631 1.27070842530519e-26
632 1.35165841324361e-26
633 1.43762491120556e-26
634 1.52891012365805e-26
635 1.62583393978719e-26
636 1.72873493800764e-26
637 1.83797144583299e-26
638 1.95392265804370e-26
639 2.07698981623006e-26
640 2.20759745299766e-26
641 2.34619470430342e-26
642 2.49325669351231e-26
643 2.64928599093467e-26
644 2.81481415286240e-26
645 2.99040334434270e-26
646 3.17664805007178e-26
647 3.37417687799731e-26
648 3.58365446053462e-26
649 3.80578345857076e-26
650 4.04130667359969e-26
651 4.29100927358136e-26
652 4.55572113850546e-26
653 4.83631933196756e-26
654 5.13373070526482e-26
655 5.44893464081900e-26
656 5.78296594221055e-26
657 6.13691787850433e-26
658 6.51194539078173e-26
659 6.90926846915600e-26
660 7.33017570913057e-26
661 7.77602805664155e-26
662 8.24826275140001e-26
663 8.74839747858408e-26
664 9.27803473964561e-26
665 9.83886645357898e-26
666 1.04326788003194e-25
667 1.10613573184600e-25
668 1.17268922703523e-25
669 1.24313842883565e-25
670 1.31770503163860e-25
671 1.39662298615094e-25
672 1.48013915714463e-25
673 1.56851401546464e-25
674 1.66202236600677e-25
675 1.76095411345236e-25
676 1.86561506767700e-25
677 1.97632779085383e-25
678 2.09343248832117e-25
679 2.21728794537389e-25
680 2.34827251229760e-25
681 2.48678514008881e-25
682 2.63324646936105e-25
683 2.78809997504386e-25
684 2.95181316967624e-25
685 3.12487886824596e-25
686 3.30781651759069e-25
687 3.50117359350471e-25
688 3.70552706893185e-25
689 3.92148495680628e-25
690 4.14968793117572e-25
691 4.39081103039331e-25
692 4.64556544645415e-25
693 4.91470040476910e-25
694 5.19900513875128e-25
695 5.49931096377074e-25
696 5.81649345538557e-25
697 6.15147473701851e-25
698 6.50522588233994e-25
699 6.87876943783262e-25
700 7.27318207144236e-25
701 7.68959735353245e-25
702 8.12920867646085e-25
703 8.59327231935377e-25
704 9.08311066517047e-25
705 9.60011557753125e-25
706 1.01457519448900e-24
707 1.07215613999355e-24
708 1.13291662227381e-24
709 1.19702734366114e-24
710 1.26466791057763e-24
711 1.33602728442719e-24
712 1.41130425463279e-24
713 1.49070793489537e-24
714 1.57445828376262e-24
715 1.66278665063778e-24
716 1.75593634845232e-24
717 1.85416325429098e-24
718 1.95773643927064e-24
719 2.06693882902438e-24
720 2.18206789625527e-24
721 2.30343638690213e-24
722 2.43137308147241e-24
723 2.56622359315592e-24
724 2.70835120447072e-24
725 2.85813774428518e-24
726 3.01598450707244e-24
727 3.18231321632269e-24
728 3.35756703420517e-24
729 3.54221161968276e-24
730 3.73673623729259e-24
731 3.94165491888740e-24
732 4.15750768083448e-24
733 4.38486179930072e-24
734 4.62431314626077e-24
735 4.87648758896080e-24
736 5.14204245581436e-24
737 5.42166807186466e-24
738 5.71608936695160e-24
739 6.02606755983358e-24
740 6.35240192180987e-24
741 6.69593162357718e-24
742 7.05753766905142e-24
743 7.43814492001723e-24
744 7.83872421582471e-24
745 8.26029459257688e-24
746 8.70392560623972e-24
747 9.17073976426013e-24
748 9.66191507070904e-24
749 1.01786876902328e-23
750 1.07223547360725e-23
751 1.12942771875888e-23
752 1.18958829432541e-23
753 1.25286700153857e-23
754 1.31942098728582e-23
755 1.38941509382366e-23
756 1.46302222464064e-23
757 1.54042372721473e-23
758 1.62180979340393e-23
759 1.70737987823272e-23
760 1.79734313791323e-23
761 1.89191888798470e-23
762 1.99133708244502e-23
763 2.09583881477671e-23
764 2.20567684186108e-23
765 2.32111613182741e-23
766 2.44243443687044e-23
767 2.56992289210210e-23
768 2.70388664161411e-23
769 2.84464549299067e-23
770 2.99253460149170e-23
771 3.14790518516513e-23
772 3.31112527227977e-23
773 3.48258048254470e-23
774 3.66267484355548e-23
775 3.85183164395148e-23
776 4.05049432492888e-23
777 4.25912741184181e-23
778 4.47821748758998e-23
779 4.70827420954185e-23
780 4.94983137193514e-23
781 5.20344801580073e-23
782 5.46970958841062e-23
783 5.74922915430911e-23
784 6.04264866021821e-23
785 6.35064025623172e-23
786 6.67390767565253e-23
787 7.01318767589549e-23
788 7.36925154315658e-23
789 7.74290666369513e-23
790 8.13499816449789e-23
791 8.54641062617204e-23
792 8.97806987124812e-23
793 9.43094483124688e-23
794 9.90604949576321e-23
795 1.04044449469102e-22
796 1.09272414828675e-22
797 1.14756008344821e-22
798 1.20507384787408e-22
799 1.26539260530359e-22
800 1.32864938746287e-22
801 1.39498335699536e-22
802 1.46454008182434e-22
803 1.53747182140725e-22
804 1.61393782539939e-22
805 1.69410464527276e-22
806 1.77814645941505e-22
807 1.86624541224734e-22
808 1.95859196796799e-22
809 2.05538527956406e-22
810 2.15683357370481e-22
811 2.26315455214757e-22
812 2.37457581036884e-22
813 2.49133527417321e-22
814 2.61368165499926e-22
815 2.74187492465925e-22
816 2.87618681034862e-22
817 3.01690131080765e-22
818 3.16431523447633e-22
819 3.31873876050290e-22
820 3.48049602358589e-22
821 3.64992572368345e-22
822 3.82738176157248e-22
823 4.01323390126202e-22
824 4.20786846040806e-22
825 4.41168902994026e-22
826 4.62511722404755e-22
827 4.84859346169406e-22
828 5.08257778100727e-22
829 5.32755068795538e-22
830 5.58401404065110e-22
831 5.85249197064722e-22
832 6.13353184279291e-22
833 6.42770525530750e-22
834 6.73560908163018e-22
835 7.05786655563549e-22
836 7.39512840204747e-22
837 7.74807401398869e-22
838 8.11741267947851e-22
839 8.50388485873078e-22
840 8.90826351439040e-22
841 9.33135549697001e-22
842 9.77400298759789e-22
843 1.02370850002277e-21
844 1.07215189458065e-21
845 1.12282622610394e-21
846 1.17583141042057e-21
847 1.23127171205244e-21
848 1.28925592799794e-21
849 1.34989757906820e-21
850 1.41331510906217e-21
851 1.47963209207047e-21
852 1.54897744824719e-21
853 1.62148566840815e-21
854 1.69729704778665e-21
855 1.77655792928304e-21
856 1.85942095660288e-21
857 1.94604533770138e-21
858 2.03659711891793e-21
859 2.13124947019071e-21
860 2.23018298181041e-21
861 2.33358597319951e-21
862 2.44165481416182e-21
863 2.55459425905382e-21
864 2.67261779441176e-21
865 2.79594800060013e-21
866 2.92481692799669e-21
867 3.05946648823636e-21
868 3.20014886113474e-21
869 3.34712691794838e-21
870 3.50067466156834e-21
871 3.66107768425074e-21
872 3.82863364360521e-21
873 4.00365275760480e-21
874 4.18645831930692e-21
875 4.37738723198304e-21
876 4.57679056549367e-21
877 4.78503413479515e-21
878 5.00249910137504e-21
879 5.22958259842173e-21
880 5.46669838069840e-21
881 5.71427750014995e-21
882 5.97276900816306e-21
883 6.24264068540860e-21
884 6.52437980039104e-21
885 6.81849389789750e-21
886 7.12551161840827e-21
887 7.44598354953988e-21
888 7.78048311082360e-21
889 8.12960747320147e-21
890 8.49397851446409e-21
891 8.87424381186418e-21
892 9.27107767341392e-21
893 9.68518220946717e-21
894 1.01172884459968e-20
895 1.05681574809880e-20
896 1.10385816856914e-20
897 1.15293859525906e-20
898 1.20414289917072e-20
899 1.25756046768764e-20
900 1.31328434440128e-20
901 1.37141137435077e-20
902 1.43204235486292e-20
903 1.49528219217992e-20
904 1.56124006410834e-20
905 1.63002958893685e-20
906 1.70176900083784e-20
907 1.77658133196840e-20
908 1.85459460153998e-20
909 1.93594201214325e-20
910 2.02076215357489e-20
911 2.10919921441380e-20
912 2.20140320165767e-20
913 2.29753016875064e-20
914 2.39774245228546e-20
915 2.50220891766391e-20
916 2.61110521407422e-20
917 2.72461403916730e-20
918 2.84292541375676e-20
919 2.96623696686820e-20
920 3.09475423155105e-20
921 3.22869095189376e-20
922 3.36826940161478e-20
923 3.51372071460195e-20
924 3.66528522787684e-20
925 3.82321283749200e-20
926 3.98776336778803e-20
927 4.15920695443680e-20
928 4.33782444181963e-20
929 4.52390779532594e-20
930 4.71776052906101e-20
931 4.91969814945041e-20
932 5.13004861537294e-20
933 5.34915281549631e-20
934 5.57736506337481e-20
935 5.81505361086594e-20
936 6.06260118059307e-20
937 6.32040551823016e-20
938 6.58887996524821e-20
939 6.86845405275914e-20
940 7.15957411729327e-20
941 7.46270393940354e-20
942 7.77832540582693e-20
943 8.10693919592873e-20
944 8.44906549339063e-20
945 8.80524472416970e-20
946 9.17603832156244e-20
947 9.56202951920103e-20
948 9.96382417308601e-20
949 1.03820516138357e-19
950 1.08173655301044e-19
951 1.12704448841115e-19
952 1.17419948605495e-19
953 1.22327478502274e-19
954 1.27434644695337e-19
955 1.32749346167937e-19
956 1.38279785669744e-19
957 1.44034481062952e-19
958 1.50022277079811e-19
959 1.56252357503786e-19
960 1.62734257791039e-19
961 1.69477878150101e-19
962 1.76493497093826e-19
963 1.83791785477492e-19
964 1.91383821042197e-19
965 1.99281103484042e-19
966 2.07495570065144e-19
967 2.16039611782220e-19
968 2.24926090114693e-19
969 2.34168354375825e-19
970 2.43780259685085e-19
971 2.53776185579680e-19
972 2.64171055290335e-19
973 2.74980355708292e-19
974 2.86220158064223e-19
975 2.97907139339372e-19
976 3.10058604437666e-19
977 3.22692509149691e-19
978 3.35827483932019e-19
979 3.49482858524932e-19
980 3.63678687441427e-19
981 3.78435776362868e-19
982 3.93775709467963e-19
983 4.09720877721149e-19
984 4.26294508158000e-19
985 4.43520694208165e-19
986 4.61424427086049e-19
987 4.80031628278788e-19
988 4.99369183174530e-19
989 5.19464975877334e-19
990 5.40347925242960e-19
991 5.62048022168952e-19
992 5.84596368188191e-19
993 6.08025215418846e-19
994 6.32368007909574e-19
995 6.57659424417707e-19
996 6.83935422676584e-19
997 7.11233285212566e-19
998 7.39591666755666e-19
999 7.69050643286445e-19
1000 7.99651762783280e-19
1001 8.31438097739182e-19
1002 8.64454299497840e-19
1003 8.98746654457039e-19
1004 9.34363142212618e-19
1005 9.71353495721952e-19
1006 1.00976926354315e-18
1007 1.04966387420420e-18
1008 1.09109270278562e-18
1009 1.13411313980669e-18
1010 1.17878466247880e-18
1011 1.22516890838702e-18
1012 1.27332975169512e-18
1013 1.32333338197689e-18
1014 1.37524838574550e-18
1015 1.42914583074957e-18
1016 1.48509935314465e-18
1017 1.54318524765744e-18
1018 1.60348256082338e-18
1019 1.66607318737534e-18
1020 1.73104196990688e-18
1021 1.79847680194397e-18
1022 1.86846873451620e-18
1023 1.94111208631467e-18
1024 2.01650455757725e-18
1025 2.09474734785393e-18
1026 2.17594527775458e-18
1027 2.26020691477730e-18
1028 2.34764470337734e-18
1029 2.43837509945076e-18
1030 2.53251870934782e-18
1031 2.63020043352644e-18
1032 2.73154961502788e-18
1033 2.83670019297262e-18
1034 2.94579086120632e-18
1035 3.05896523221916e-18
1036 3.17637200654605e-18
1037 3.29816514787297e-18
1038 3.42450406399551e-18
1039 3.55555379376774e-18
1040 3.69148520027734e-18
1041 3.83247517050349e-18
1042 3.97870682162134e-18
1043 4.13036971410799e-18
1044 4.28766007191806e-18
1045 4.45078101002058e-18
1046 4.61994276948118e-18
1047 4.79536296026292e-18
1048 4.97726681205033e-18
1049 5.16588743342845e-18
1050 5.36146607962323e-18
1051 5.56425242899697e-18
1052 5.77450486864503e-18
1053 5.99249078947067e-18
1054 6.21848689096941e-18
1055 6.45277949593945e-18
1056 6.69566487551096e-18
1057 6.94744958492274e-18
1058 7.20845081030523e-18
1059 7.47899672671177e-18
1060 7.75942686784371e-18
1061 8.05009250795632e-18
1062 8.35135705623519e-18
1063 8.66359646391304e-18
1064 8.98719964463245e-18
1065 9.32256890860741e-18
1066 9.67012041090770e-18
1067 1.00302846141669e-17
1068 1.04035067662875e-17
1069 1.07902473937702e-17
1070 1.11909828110301e-17
1071 1.16062056460346e-17
1072 1.20364253829124e-17
1073 1.24821689222469e-17
1074 1.29439811594564e-17
1075 1.34224255816365e-17
1076 1.39180848835982e-17
1077 1.44315616039124e-17
1078 1.49634787814095e-17
1079 1.55144806325498e-17
1080 1.60852332504993e-17
1081 1.66764253268251e-17
1082 1.72887688963157e-17
1083 1.79230001053849e-17
1084 1.85798800050042e-17
1085 1.92601953692028e-17
1086 1.99647595396946e-17
1087 2.06944132971439e-17
1088 2.14500257601381e-17
1089 2.22324953130448e-17
1090 2.30427505633777e-17
1091 2.38817513292356e-17
1092 2.47504896580264e-17
1093 2.56499908778079e-17
1094 2.65813146819409e-17
1095 2.75455562476788e-17
1096 2.85438473900657e-17
1097 2.95773577526499e-17
1098 3.06472960357868e-17
1099 3.17549112632212e-17
1100 3.29014940885008e-17
1101 3.40883781429266e-17
1102 3.53169414259001e-17
1103 3.65886077384292e-17
1104 3.79048481615479e-17
1105 3.92671825815796e-17
1106 4.06771812631978e-17
1107 4.21364664711270e-17
1108 4.36467141424643e-17
1109 4.52096556118081e-17
1110 4.68270793902494e-17
1111 4.85008329991554e-17
1112 5.02328248609834e-17
1113 5.20250262495972e-17
1114 5.38794733012559e-17
1115 5.57982690872979e-17
1116 5.77835857510491e-17
1117 5.98376667117493e-17
1118 6.19628289367923e-17
1119 6.41614652834046e-17
1120 6.64360469126173e-17
1121 6.87891257786915e-17
1122 7.12233371954266e-17
1123 7.37414024805895e-17
1124 7.63461316816870e-17
1125 7.90404263866493e-17
1126 8.18272826210087e-17
1127 8.47097938329266e-17
1128 8.76911539697085e-17
1129 9.07746606498355e-17
1130 9.39637184322612e-17
1131 9.72618421844573e-17
1132 1.00672660553311e-16
1133 1.04199919543426e-16
1134 1.07847486204757e-16
1135 1.11619352431196e-16
1136 1.15519638874736e-16
1137 1.19552598980366e-16
1138 1.23722623143798e-16
1139 1.28034242993815e-16
1140 1.32492135804451e-16
1141 1.37101129042806e-16
1142 1.41866205054822e-16
1143 1.46792505890972e-16
1144 1.51885338277719e-16
1145 1.57150178741314e-16
1146 1.62592678886471e-16
1147 1.68218670832056e-16
1148 1.74034172810389e-16
1149 1.80045394937557e-16
1150 1.86258745157550e-16
1151 1.92680835362501e-16
1152 1.99318487696517e-16
1153 2.06178741051394e-16
1154 2.13268857757330e-16
1155 2.20596330471105e-16
1156 2.28168889270145e-16
1157 2.35994508961840e-16
1158 2.44081416611515e-16
1159 2.52438099291723e-16
1160 2.61073312062352e-16
1161 2.69996086192090e-16
1162 2.79215737624970e-16
1163 2.88741875694897e-16
1164 2.98584412098801e-16
1165 3.08753570140345e-16
1166 3.19259894248211e-16
1167 3.30114259772117e-16
1168 3.41327883068544e-16
1169 3.52912331889587e-16
1170 3.64879536079347e-16
1171 3.77241798581238e-16
1172 3.90011806769684e-16
1173 4.03202644121322e-16
1174 4.16827802230517e-16
1175 4.30901193172807e-16
1176 4.45437162231438e-16
1177 4.60450501003996e-16
1178 4.75956460894383e-16
1179 4.91970766993977e-16
1180 5.08509632369060e-16
1181 5.25589772773620e-16
1182 5.43228421793239e-16
1183 5.61443346424176e-16
1184 5.80252863106818e-16
1185 5.99675854235026e-16
1186 6.19731785147543e-16
1187 6.40440721605861e-16
1188 6.61823347780064e-16
1189 6.83900984766876e-16
1190 7.06695609646597e-16
1191 7.30229875083555e-16
1192 7.54527129494292e-16
1193 7.79611437810686e-16
1194 8.05507602845252e-16
1195 8.32241187263515e-16
1196 8.59838536190620e-16
1197 8.88326800482787e-16
1198 9.17733960671429e-16
1199 9.48088851585034e-16
1200 9.79421187679355e-16
1201 1.01176158911029e-15
1202 1.04514160855783e-15
1203 1.07959375880652e-15
1204 1.11515154111654e-15
1205 1.15184947442420e-15
1206 1.18972312538076e-15
1207 1.22880913923523e-15
1208 1.26914527159953e-15
1209 1.31077042113939e-15
1210 1.35372466320079e-15
1211 1.39804928437752e-15
1212 1.44378681806306e-15
1213 1.49098108103560e-15
1214 1.53967721108635e-15
1215 1.58992170569721e-15
1216 1.64176246181603e-15
1217 1.69524881678423e-15
1218 1.75043159042788e-15
1219 1.80736312831798e-15
1220 1.86609734625443e-15
1221 1.92668977603493e-15
1222 1.98919761252058e-15
1223 2.05367976200419e-15
1224 2.12019689194194e-15
1225 2.18881148211755e-15
1226 2.25958787725113e-15
1227 2.33259234105877e-15
1228 2.40789311183085e-15
1229 2.48556045960648e-15
1230 2.56566674495730e-15
1231 2.64828647938594e-15
1232 2.73349638741589e-15
1233 2.82137547045924e-15
1234 2.91200507247630e-15
1235 3.00546894743210e-15
1236 3.10185332863561e-15
1237 3.20124700005877e-15
1238 3.30374136964989e-15
1239 3.40943054464602e-15
1240 3.51841140898020e-15
1241 3.63078370289270e-15
1242 3.74665010476125e-15
1243 3.86611631515416e-15
1244 3.98929114321375e-15
1245 4.11628659549243e-15
1246 4.24721796725677e-15
1247 4.38220393626268e-15
1248 4.52136665912192e-15
1249 4.66483187039694e-15
1250 4.81272898443986e-15
1251 4.96519119997746e-15
1252 5.12235560757678e-15
1253 5.28436330014466e-15
1254 5.45135948647757e-15
1255 5.62349360786174e-15
1256 5.80091945787443e-15
1257 5.98379530555795e-15
1258 6.17228402198293e-15
1259 6.36655321019899e-15
1260 6.56677533874131e-15
1261 6.77312787888554e-15
1262 6.98579344566725e-15
1263 7.20495994266180e-15
1264 7.43082071071301e-15
1265 7.66357468082602e-15
1266 7.90342653124037e-15
1267 8.15058684867599e-15
1268 8.40527229396290e-15
1269 8.66770577229570e-15
1270 8.93811660812812e-15
1271 9.21674072469683e-15
1272 9.50382082841010e-15
1273 9.79960659837104e-15
1274 1.01043548810498e-14
1275 1.04183298900896e-14
1276 1.07418034115092e-14
1277 1.10750550146054e-14
1278 1.14183722685657e-14
1279 1.17720509647735e-14
1280 1.21363953450980e-14
1281 1.25117183365077e-14
1282 1.28983417920170e-14
1283 1.32965967379410e-14
1284 1.37068236277855e-14
1285 1.41293726031509e-14
1286 1.45646037616572e-14
1287 1.50128874318570e-14
1288 1.54746044555033e-14
1289 1.59501464775935e-14
1290 1.64399162441953e-14
1291 1.69443279080114e-14
1292 1.74638073420929e-14
1293 1.79987924621729e-14
1294 1.85497335576211e-14
1295 1.91170936309665e-14
1296 1.97013487464457e-14
1297 2.03029883881037e-14
1298 2.09225158274425e-14
1299 2.15604485005527e-14
1300 2.22173183952389e-14
1301 2.28936724487271e-14
1302 2.35900729559438e-14
1303 2.43070979882869e-14
1304 2.50453418234583e-14
1305 2.58054153870172e-14
1306 2.65879467056326e-14
1307 2.73935813719418e-14
1308 2.82229830216495e-14
1309 2.90768338236013e-14
1310 2.99558349828052e-14
1311 3.08607072562832e-14
1312 3.17921914824655e-14
1313 3.27510491249440e-14
1314 3.37380628305483e-14
1315 3.47540370016035e-14
1316 3.57997983831645e-14
1317 3.68761966661388e-14
1318 3.79841051062465e-14
1319 3.91244211586517e-14
1320 4.02980671291512e-14
1321 4.15059908429380e-14
1322 4.27491663308712e-14
1323 4.40285945330602e-14
1324 4.53453040207448e-14
1325 4.67003517376121e-14
1326 4.80948237604597e-14
1327 4.95298360789781e-14
1328 5.10065353957501e-14
1329 5.25260999477351e-14
1330 5.40897403491281e-14
1331 5.56987004553264e-14
1332 5.73542582492251e-14
1333 5.90577267512588e-14
1334 6.08104549530493e-14
1335 6.26138287743498e-14
1336 6.44692720446440e-14
1337 6.63782475109810e-14
1338 6.83422578718748e-14
1339 7.03628468369064e-14
1340 7.24416002135427e-14
1341 7.45801470229315e-14
1342 7.67801606444700e-14
1343 7.90433599887190e-14
1344 8.13715107003545e-14
1345 8.37664263931137e-14
1346 8.62299699164929e-14
1347 8.87640546537000e-14
1348 9.13706458527437e-14
1349 9.40517619928438e-14
1350 9.68094761858662e-14
1351 9.96459176122111e-14
1352 1.02563272993248e-13
1353 1.05563788102731e-13
1354 1.08649769316835e-13
1355 1.11823585202169e-13
1356 1.15087668144077e-13
1357 1.18444516017943e-13
1358 1.21896693903085e-13
1359 1.25446835838482e-13
1360 1.29097646622898e-13
1361 1.32851903662461e-13
1362 1.36712458865162e-13
1363 1.40682240581433e-13
1364 1.44764255593655e-13
1365 1.48961591157978e-13
1366 1.53277417097856e-13
1367 1.57714987948305e-13
1368 1.62277645154068e-13
1369 1.66968819325442e-13
1370 1.71792032551084e-13
1371 1.76750900766628e-13
1372 1.81849136182686e-13
1373 1.87090549776391e-13
1374 1.92479053845686e-13
1375 1.98018664625025e-13
1376 2.03713504966464e-13
1377 2.09567807090744e-13
1378 2.15585915407467e-13
1379 2.21772289402826e-13
1380 2.28131506599302e-13
1381 2.34668265592459e-13
1382 2.41387389163789e-13
1383 2.48293827467841e-13
1384 2.55392661298537e-13
1385 2.62689105440403e-13
1386 2.70188512103461e-13
1387 2.77896374439798e-13
1388 2.85818330147250e-13
1389 2.93960165166556e-13
1390 3.02327817470549e-13
1391 3.10927380943118e-13
1392 3.19765109353972e-13
1393 3.28847420436272e-13
1394 3.38180900065493e-13
1395 3.47772306536908e-13
1396 3.57628574948409e-13
1397 3.67756821696513e-13
1398 3.78164349083669e-13
1399 3.88858650033884e-13
1400 3.99847412924140e-13
1401 4.11138526540320e-13
1402 4.22740085155455e-13
1403 4.34660393726932e-13
1404 4.46907973220939e-13
1405 4.59491566073827e-13
1406 4.72420141787896e-13
1407 4.85702902657771e-13
1408 4.99349289636557e-13
1409 5.13368988352530e-13
1410 5.27771935273496e-13
1411 5.42568324014476e-13
1412 5.57768611798907e-13
1413 5.73383526085303e-13
1414 5.89424071356100e-13
1415 6.05901536063749e-13
1416 6.22827499745381e-13
1417 6.40213840319277e-13
1418 6.58072741559421e-13
1419 6.76416700742540e-13
1420 6.95258536480169e-13
1421 7.14611396750470e-13
1422 7.34488767125510e-13
1423 7.54904479187693e-13
1424 7.75872719149246e-13
1425 7.97408036691090e-13
1426 8.19525354016214e-13
1427 8.42239975110405e-13
1428 8.65567595225772e-13
1429 8.89524310605143e-13
1430 9.14126628441814e-13
1431 9.39391477066545e-13
1432 9.65336216378931e-13
1433 9.91978648543191e-13
1434 1.01933702894211e-12
1435 1.04743007737994e-12
1436 1.07627698955334e-12
1437 1.10589744881242e-12
1438 1.13631163820494e-12
1439 1.16754025279320e-12
1440 1.19960451226469e-12
1441 1.23252617386123e-12
1442 1.26632754561831e-12
1443 1.30103149990323e-12
1444 1.33666148727510e-12
1445 1.37324155069421e-12
1446 1.41079634007145e-12
1447 1.44935112714477e-12
1448 1.48893182070835e-12
1449 1.52956498222491e-12
1450 1.57127784181065e-12
1451 1.61409831457808e-12
1452 1.65805501736524e-12
1453 1.70317728588507e-12
1454 1.74949519228284e-12
1455 1.79703956308529e-12
1456 1.84584199757298e-12
1457 1.89593488661298e-12
1458 1.94735143193869e-12
1459 2.00012566585804e-12
1460 2.05429247142504e-12
1461 2.10988760311590e-12
1462 2.16694770799464e-12
1463 2.22551034734720e-12
1464 2.28561401882277e-12
1465 2.34729817912793e-12
1466 2.41060326725658e-12
1467 2.47557072823215e-12
1468 2.54224303740481e-12
1469 2.61066372535429e-12
1470 2.68087740337900e-12
1471 2.75292978954511e-12
1472 2.82686773534287e-12
1473 2.90273925300608e-12
1474 2.98059354347312e-12
1475 3.06048102495980e-12
1476 3.14245336219645e-12
1477 3.22656349639110e-12
1478 3.31286567589436e-12
1479 3.40141548753272e-12
1480 3.49226988866828e-12
1481 3.58548724005315e-12
1482 3.68112733945137e-12
1483 3.77925145599070e-12
1484 3.87992236530870e-12
1485 3.98320438556848e-12
1486 4.08916341431353e-12
1487 4.19786696611952e-12
1488 4.30938421111429e-12
1489 4.42378601444935e-12
1490 4.54114497668849e-12
1491 4.66153547506647e-12
1492 4.78503370569633e-12
1493 4.91171772681761e-12
1494 5.04166750304670e-12
1495 5.17496495057684e-12
1496 5.31169398341438e-12
1497 5.45194056075346e-12
1498 5.59579273544554e-12
1499 5.74334070350503e-12
1500 5.89467685474682e-12
1501 6.04989582466846e-12
1502 6.20909454752828e-12
1503 6.37237231055360e-12
1504 6.53983080938504e-12
1505 6.71157420488132e-12
1506 6.88770918123004e-12
1507 7.06834500529098e-12
1508 7.25359358728862e-12
1509 7.44356954299183e-12
1510 7.63839025731911e-12
1511 7.83817594928773e-12
1512 8.04304973843545e-12
1513 8.25313771286720e-12
1514 8.46856899885777e-12
1515 8.68947583191926e-12
1516 8.91599362947550e-12
1517 9.14826106531152e-12
1518 9.38642014572114e-12
1519 9.63061628725050e-12
1520 9.88099839619500e-12
1521 1.01377189500346e-11
1522 1.04009340807222e-11
1523 1.06708036597099e-11
1524 1.09474913848890e-11
1525 1.12311648696451e-11
1526 1.15219957339353e-11
1527 1.18201596972589e-11
1528 1.21258366737125e-11
1529 1.24392108693576e-11
1530 1.27604708817903e-11
1531 1.30898098017743e-11
1532 1.34274253171467e-11
1533 1.37735198192463e-11
1534 1.41283005117442e-11
1535 1.44919795217199e-11
1536 1.48647740132145e-11
1537 1.52469063035375e-11
1538 1.56386039821907e-11
1539 1.60401000322375e-11
1540 1.64516329543706e-11
1541 1.68734468939834e-11
1542 1.73057917710957e-11
1543 1.77489234129371e-11
1544 1.82031036894729e-11
1545 1.86686006522052e-11
1546 1.91456886760834e-11
1547 1.96346486043071e-11
1548 2.01357678963327e-11
1549 2.06493407794528e-11
1550 2.11756684037625e-11
1551 2.17150590002704e-11
1552 2.22678280425000e-11
1553 2.28342984119854e-11
1554 2.34148005674553e-11
1555 2.40096727174380e-11
1556 2.46192609966646e-11
1557 2.52439196467179e-11
1558 2.58840112006985e-11
1559 2.65399066716076e-11
1560 2.72119857448656e-11
1561 2.79006369754577e-11
1562 2.86062579894523e-11
1563 2.93292556895588e-11
1564 3.00700464651862e-11
1565 3.08290564075439e-11
1566 3.16067215295007e-11
1567 3.24034879898341e-11
1568 3.32198123223749e-11
1569 3.40561616706469e-11
1570 3.49130140276821e-11
1571 3.57908584806067e-11
1572 3.66901954605508e-11
1573 3.76115369985439e-11
1574 3.85554069870420e-11
1575 3.95223414466329e-11
1576 4.05128887985345e-11
1577 4.15276101436100e-11
1578 4.25670795475079e-11
1579 4.36318843314259e-11
1580 4.47226253691720e-11
1581 4.58399173913220e-11
1582 4.69843892960372e-11
1583 4.81566844659862e-11
1584 4.93574610921134e-11
1585 5.05873925051315e-11
1586 5.18471675142552e-11
1587 5.31374907525595e-11
1588 5.44590830297793e-11
1589 5.58126816935152e-11
1590 5.71990409983110e-11
1591 5.86189324819180e-11
1592 6.00731453496454e-11
1593 6.15624868678585e-11
1594 6.30877827660305e-11
1595 6.46498776465906e-11
1596 6.62496354035567e-11
1597 6.78879396511206e-11
1598 6.95656941615264e-11
1599 7.12838233114040e-11
1600 7.30432725376442e-11
1601 7.48450088040997e-11
1602 7.66900210783805e-11
1603 7.85793208178173e-11
1604 8.05139424657866e-11
1605 8.24949439598081e-11
1606 8.45234072506068e-11
1607 8.66004388311122e-11
1608 8.87271702767070e-11
1609 9.09047587982771e-11
1610 9.31343878071672e-11
1611 9.54172674909043e-11
1612 9.77546354011345e-11
1613 1.00147757055475e-10
1614 1.02597926552291e-10
1615 1.05106467197142e-10
1616 1.07674732142474e-10
1617 1.10304105042453e-10
1618 1.12996000721810e-10
1619 1.15751865857332e-10
1620 1.18573179673737e-10
1621 1.21461454655982e-10
1622 1.24418237276796e-10
1623 1.27445108737894e-10
1624 1.30543685726808e-10
1625 1.33715621191557e-10
1626 1.36962605131848e-10
1627 1.40286365405095e-10
1628 1.43688668549348e-10
1629 1.47171320625642e-10
1630 1.50736168078241e-10
1631 1.54385098610941e-10
1632 1.58120042081714e-10
1633 1.61942971418425e-10
1634 1.65855903553982e-10
1635 1.69860900378839e-10
1636 1.73960069713406e-10
1637 1.78155566303333e-10
1638 1.82449592835860e-10
1639 1.86844400974961e-10
1640 1.91342292418041e-10
1641 1.95945619977491e-10
1642 2.00656788685069e-10
1643 2.05478256916610e-10
1644 2.10412537540102e-10
1645 2.15462199090740e-10
1646 2.20629866970720e-10
1647 2.25918224671026e-10
1648 2.31330015018528e-10
1649 2.36868041452360e-10
1650 2.42535169327116e-10
1651 2.48334327239813e-10
1652 2.54268508384292e-10
1653 2.60340771937374e-10
1654 2.66554244474080e-10
1655 2.72912121408552e-10
1656 2.79417668464671e-10
1657 2.86074223181155e-10
1658 2.92885196448116e-10
1659 2.99854074071407e-10
1660 3.06984418369133e-10
1661 3.14279869805545e-10
1662 3.21744148659030e-10
1663 3.29381056720105e-10
1664 3.37194479024258e-10
1665 3.45188385625314e-10
1666 3.53366833405732e-10
1667 3.61733967919319e-10
1668 3.70294025271647e-10
1669 3.79051334044440e-10
1670 3.88010317259922e-10
1671 3.97175494380190e-10
1672 4.06551483347387e-10
1673 4.16143002671549e-10
1674 4.25954873561707e-10
1675 4.35992022094803e-10
1676 4.46259481428771e-10
1677 4.56762394067278e-10
1678 4.67506014171288e-10
1679 4.78495709911447e-10
1680 4.89736965868247e-10
1681 5.01235385488182e-10
1682 5.12996693590568e-10
1683 5.25026738918421e-10
1684 5.37331496741017e-10
1685 5.49917071517126e-10
1686 5.62789699613059e-10
1687 5.75955752068251e-10
1688 5.89421737416746e-10
1689 6.03194304574412e-10
1690 6.17280245785441e-10
1691 6.31686499620146e-10
1692 6.46420154033190e-10
1693 6.61488449493022e-10
1694 6.76898782175432e-10
1695 6.92658707212426e-10
1696 7.08775942006437e-10
1697 7.25258369621664e-10
1698 7.42114042244729e-10
1699 7.59351184704995e-10
1700 7.76978198065505e-10
1701 7.95003663297444e-10
1702 8.13436345029526e-10
1703 8.32285195361722e-10
1704 8.51559357755292e-10
1705 8.71268171013252e-10
1706 8.91421173341829e-10
1707 9.12028106481259e-10
1708 9.33098919919043e-10
1709 9.54643775201094e-10
1710 9.76673050330402e-10
1711 9.99197344240438e-10
1712 1.02222748135762e-9
1713 1.04577451626976e-9
1714 1.06984973848902e-9
1715 1.09446467729547e-9
1716 1.11963110667676e-9
1717 1.14536105038253e-9
1718 1.17166678708093e-9
1719 1.19856085560191e-9
1720 1.22605606028435e-9
1721 1.25416547644731e-9
1722 1.28290245597158e-9
1723 1.31228063297468e-9
1724 1.34231392959797e-9
1725 1.37301656192803e-9
1726 1.40440304603719e-9
1727 1.43648820412459e-9
1728 1.46928717077839e-9
1729 1.50281539938311e-9
1730 1.53708866865566e-9
1731 1.57212308928958e-9
1732 1.60793511073007e-9
1733 1.64454152810592e-9
1734 1.68195948930038e-9
1735 1.72020650213858e-9
1736 1.75930044171588e-9
1737 1.79925955789616e-9
1738 1.84010248295980e-9
1739 1.88184823937725e-9
1740 1.92451624773461e-9
1741 1.96812633484286e-9
1742 2.01269874200880e-9
1743 2.05825413344087e-9
1744 2.10481360481916e-9
1745 2.15239869206382e-9
1746 2.20103138027796e-9
1747 2.25073411283568e-9
1748 2.30152980064714e-9
1749 2.35344183163804e-9
1750 2.40649408041740e-9
1751 2.46071091810137e-9
1752 2.51611722232789e-9
1753 2.57273838750323e-9
1754 2.63060033525139e-9
1755 2.68972952503140e-9
1756 2.75015296496043e-9
1757 2.81189822288724e-9
1758 2.87499343768463e-9
1759 2.93946733072222e-9
1760 3.00534921756106e-9
1761 3.07266901991885e-9
1762 3.14145727787111e-9
1763 3.21174516224624e-9
1764 3.28356448725965e-9
1765 3.35694772344019e-9
1766 3.43192801081091e-9
1767 3.50853917227817e-9
1768 3.58681572727840e-9
1769 3.66679290574046e-9
1770 3.74850666232218e-9
1771 3.83199369087078e-9
1772 3.91729143916069e-9
1773 4.00443812397236e-9
1774 4.09347274646651e-9
1775 4.18443510779865e-9
1776 4.27736582503267e-9
1777 4.37230634742244e-9
1778 4.46929897301171e-9
1779 4.56838686549216e-9
1780 4.66961407138338e-9
1781 4.77302553761022e-9
1782 4.87866712942307e-9
1783 4.98658564859512e-9
1784 5.09682885196654e-9
1785 5.20944547041729e-9
1786 5.32448522820951e-9
1787 5.44199886262713e-9
1788 5.56203814398889e-9
1789 5.68465589612415e-9
1790 5.80990601724655e-9
1791 5.93784350114661e-9
1792 6.06852445878643e-9
1793 6.20200614039366e-9
1794 6.33834695798380e-9
1795 6.47760650822486e-9
1796 6.61984559573462e-9
1797 6.76512625691662e-9
1798 6.91351178425736e-9
1799 7.06506675099052e-9
1800 7.21985703622692e-9
1801 7.37794985066556e-9
1802 7.53941376280100e-9
1803 7.70431872552450e-9
1804 7.87273610322615e-9
1805 8.04473869952379e-9
1806 8.22040078552612e-9
1807 8.39979812851793e-9
1808 8.58300802118433e-9
1809 8.77010931151090e-9
1810 8.96118243325868e-9
1811 9.15630943689162e-9
1812 9.35557402108379e-9
1813 9.55906156495542e-9
1814 9.76685916092739e-9
1815 9.97905564806065e-9
1816 1.01957416460190e-8
1817 1.04170095898180e-8
1818 1.06429537652385e-8
1819 1.08736703447605e-8
1820 1.11092574241667e-8
1821 1.13498150599939e-8
1822 1.15954453076988e-8
1823 1.18462522603817e-8
1824 1.21023420882296e-8
1825 1.23638230788736e-8
1826 1.26308056785145e-8
1827 1.29034025336452e-8
1828 1.31817285335480e-8
1829 1.34659008537749e-8
1830 1.37560390004563e-8
1831 1.40522648552471e-8
1832 1.43547027211057e-8
1833 1.46634793691337e-8
1834 1.49787240863037e-8
1835 1.53005687238718e-8
1836 1.56291477466841e-8
1837 1.59645982836253e-8
1838 1.63070601790233e-8
1839 1.66566760447857e-8
1840 1.70135913134968e-8
1841 1.73779542927452e-8
1842 1.77499162204795e-8
1843 1.81296313211451e-8
1844 1.85172568628552e-8
1845 1.89129532158859e-8
1846 1.93168839122760e-8
1847 1.97292157062635e-8
1848 2.01501186358310e-8
1849 2.05797660856793e-8
1850 2.10183348513864e-8
1851 2.14660052044614e-8
1852 2.19229609585904e-8
1853 2.23893895374190e-8
1854 2.28654820436087e-8
1855 2.33514333288506e-8
1856 2.38474420651581e-8
1857 2.43537108178152e-8
1858 2.48704461196916e-8
1859 2.53978585465823e-8
1860 2.59361627939205e-8
1861 2.64855777552713e-8
1862 2.70463266022948e-8
1863 2.76186368658035e-8
1864 2.82027405182936e-8
1865 2.87988740583938e-8
1866 2.94072785968911e-8
1867 3.00281999439266e-8
1868 3.06618886977727e-8
1869 3.13086003356739e-8
1870 3.19685953063814e-8
1871 3.26421391239368e-8
1872 3.33295024631529e-8
1873 3.40309612573160e-8
1874 3.47467967977050e-8
1875 3.54772958344457e-8
1876 3.62227506791854e-8
1877 3.69834593101585e-8
1878 3.77597254792006e-8
1879 3.85518588201898e-8
1880 3.93601749594402e-8
1881 4.01849956286673e-8
1882 4.10266487800451e-8
1883 4.18854687027862e-8
1884 4.27617961418165e-8
1885 4.36559784192155e-8
1886 4.45683695579022e-8
1887 4.54993304069451e-8
1888 4.64492287691198e-8
1889 4.74184395314408e-8
1890 4.84073447981013e-8
1891 4.94163340251478e-8
1892 5.04458041575639e-8
1893 5.14961597695519e-8
1894 5.25678132073988e-8
1895 5.36611847341921e-8
1896 5.47767026771183e-8
1897 5.59148035782013e-8
1898 5.70759323478110e-8
1899 5.82605424201453e-8
1900 5.94690959114819e-8
1901 6.07020637821265e-8
1902 6.19599260013329e-8
1903 6.32431717143275e-8
1904 6.45522994123012e-8
1905 6.58878171063771e-8
1906 6.72502425047620e-8
1907 6.86401031921439e-8
1908 7.00579368122679e-8
1909 7.15042912547863e-8
1910 7.29797248455214e-8
1911 7.44848065391224e-8
1912 7.60201161151284e-8
1913 7.75862443786243e-8
1914 7.91837933645551e-8
1915 8.08133765445911e-8
1916 8.24756190376428e-8
1917 8.41711578253108e-8
1918 8.59006419712566e-8
1919 8.76647328432909e-8
1920 8.94641043393722e-8
1921 9.12994431189067e-8
1922 9.31714488382506e-8
1923 9.50808343891067e-8
1924 9.70283261411087e-8
1925 9.90146641901016e-8
1926 1.01040602610924e-7
1927 1.03106909713271e-7
1928 1.05214368302048e-7
1929 1.07363775943833e-7
1930 1.09555945238169e-7
1931 1.11791704092138e-7
1932 1.14071895999733e-7
1933 1.16397380327803e-7
1934 1.18769032607166e-7
1935 1.21187744827212e-7
1936 1.23654425735649e-7
1937 1.26170001145305e-7
1938 1.28735414246461e-7
1939 1.31351625922906e-7
1940 1.34019615073489e-7
1941 1.36740378941255e-7
1942 1.39514933448496e-7
1943 1.42344313535768e-7
1944 1.45229573506790e-7
1945 1.48171787381484e-7
1946 1.51172049255349e-7
1947 1.54231473663053e-7
1948 1.57351195948321e-7
1949 1.60532372642559e-7
1950 1.63776181850264e-7
1951 1.67083823638917e-7
1952 1.70456520435607e-7
1953 1.73895517433043e-7
1954 1.77402083002826e-7
1955 1.80977509113476e-7
1956 1.84623111755678e-7
1957 1.88340231377591e-7
1958 1.92130233327929e-7
1959 1.95994508304104e-7
1960 1.99934472808081e-7
1961 2.03951569613035e-7
1962 2.08047268238327e-7
1963 2.12223065429859e-7
1964 2.16480485648672e-7
1965 2.20821081571146e-7
1966 2.25246434598086e-7
1967 2.29758155369532e-7
1968 2.34357884288386e-7
1969 2.39047292056475e-7
1970 2.43828080220137e-7
1971 2.48701981721870e-7
1972 2.53670761461418e-7
1973 2.58736216870198e-7
1974 2.63900178495907e-7
1975 2.69164510593575e-7
1976 2.74531111726699e-7
1977 2.80001915382697e-7
1978 2.85578890599235e-7
1979 2.91264042597412e-7
1980 2.97059413425716e-7
1981 3.02967082619327e-7
1982 3.08989167871071e-7
1983 3.15127825709629e-7
1984 3.21385252189268e-7
1985 3.27763683596037e-7
1986 3.34265397166406e-7
1987 3.40892711813614e-7
1988 3.47647988866326e-7
1989 3.54533632824941e-7
1990 3.61552092131213e-7
1991 3.68705859946037e-7
1992 3.75997474940399e-7
1993 3.83429522105241e-7
1994 3.91004633575559e-7
1995 3.98725489463170e-7
1996 4.06594818703523e-7
1997 4.14615399922806e-7
1998 4.22790062320260e-7
1999 4.31121686559674e-7
2000 4.39613205675896e-7
2001 4.48267606003094e-7
2002 4.57087928119263e-7
2003 4.66077267800473e-7
2004 4.75238776991145e-7
2005 4.84575664797648e-7
2006 4.94091198499248e-7
2007 5.03788704569382e-7
2008 5.13671569714047e-7
2009 5.23743241935186e-7
2010 5.34007231612604e-7
2011 5.44467112596835e-7
2012 5.55126523320268e-7
2013 5.65989167935072e-7
2014 5.77058817470910e-7
2015 5.88339311004247e-7
2016 5.99834556847164e-7
2017 6.11548533764870e-7
2018 6.23485292214366e-7
2019 6.35648955595371e-7
2020 6.48043721522080e-7
2021 6.60673863125664e-7
2022 6.73543730379354e-7
2023 6.86657751436518e-7
2024 7.00020433990954e-7
2025 7.13636366670132e-7
2026 7.27510220452542e-7
2027 7.41646750098795e-7
2028 7.56050795606426e-7
2029 7.70727283699998e-7
2030 7.85681229346941e-7
2031 8.00917737287932e-7
2032 8.16442003592582e-7
2033 8.32259317252915e-7
2034 8.48375061804330e-7
2035 8.64794716961933e-7
2036 8.81523860283880e-7
2037 8.98568168875180e-7
2038 9.15933421120840e-7
2039 9.33625498435262e-7
2040 9.51650387040444e-7
2041 9.70014179787518e-7
2042 9.88723078009595e-7
2043 1.00778339339179e-6
2044 1.02720154987197e-6
2045 1.04698408558791e-6
2046 1.06713765485781e-6
2047 1.08766903017909e-6
2048 1.10858510425974e-6
2049 1.12989289209961e-6
2050 1.15159953310707e-6
2051 1.17371229323509e-6
2052 1.19623856715207e-6
2053 1.21918588046598e-6
2054 1.24256189198642e-6
2055 1.26637439600703e-6
2056 1.29063132462506e-6
2057 1.31534075011795e-6
2058 1.34051088736035e-6
2059 1.36615009626265e-6
2060 1.39226688424916e-6
2061 1.41886990879715e-6
2062 1.44596798001927e-6
2063 1.47357006326844e-6
2064 1.50168528178511e-6
2065 1.53032291940967e-6
2066 1.55949242334107e-6
2067 1.58920340691917e-6
2068 1.61946565245220e-6
2069 1.65028911411405e-6
2070 1.68168392089068e-6
2071 1.71366037955166e-6
2072 1.74622897766978e-6
2073 1.77940038671530e-6
2074 1.81318546520264e-6
2075 1.84759526186355e-6
2076 1.88264101887147e-6
2077 1.91833417514574e-6
2078 1.95468636971180e-6
2079 1.99170944508915e-6
2080 2.02941545073398e-6
2081 2.06781664656715e-6
2082 2.10692550656186e-6
2083 2.14675472236057e-6
2084 2.18731720695014e-6
2085 2.22862609842829e-6
2086 2.27069476383366e-6
2087 2.31353680300667e-6
2088 2.35716605251239e-6
2089 2.40159658966114e-6
2090 2.44684273659667e-6
2091 2.49291906441704e-6
2092 2.53984039736135e-6
2093 2.58762181710095e-6
2094 2.63627866710291e-6
2095 2.68582655702758e-6
2096 2.73628136719646e-6
2097 2.78765925317180e-6
2098 2.83997665041309e-6
2099 2.89325027896944e-6
2100 2.94749714824690e-6
2101 3.00273456189511e-6
2102 3.05898012277594e-6
2103 3.11625173796990e-6
2104 3.17456762386217e-6
2105 3.23394631135642e-6
2106 3.29440665117580e-6
2107 3.35596781920368e-6
2108 3.41864932190919e-6
2109 3.48247100190924e-6
2110 3.54745304362354e-6
2111 3.61361597897122e-6
2112 3.68098069315782e-6
2113 3.74956843060816e-6
2114 3.81940080099810e-6
2115 3.89049978533020e-6
2116 3.96288774210538e-6
2117 4.03658741365057e-6
2118 4.11162193255164e-6
2119 4.18801482813242e-6
2120 4.26579003303584e-6
2121 4.34497188997181e-6
2122 4.42558515857717e-6
2123 4.50765502232400e-6
2124 4.59120709553657e-6
2125 4.67626743058647e-6
2126 4.76286252520705e-6
2127 4.85101932985855e-6
2128 4.94076525520886e-6
2129 5.03212817980457e-6
2130 5.12513645786911e-6
2131 5.21981892715396e-6
2132 5.31620491691286e-6
2133 5.41432425607937e-6
2134 5.51420728157960e-6
2135 5.61588484670064e-6
2136 5.71938832958972e-6
2137 5.82474964197067e-6
2138 5.93200123800421e-6
2139 6.04117612320651e-6
2140 6.15230786350684e-6
2141 6.26543059453731e-6
2142 6.38057903107562e-6
2143 6.49778847654888e-6
2144 6.61709483268521e-6
2145 6.73853460941332e-6
2146 6.86214493492486e-6
2147 6.98796356580059e-6
2148 7.11602889729379e-6
2149 7.24637997387838e-6
2150 7.37905649997024e-6
2151 7.51409885071534e-6
2152 7.65154808294480e-6
2153 7.79144594641293e-6
2154 7.93383489521925e-6
2155 8.07875809930038e-6
2156 8.22625945609952e-6
2157 8.37638360253778e-6
2158 8.52917592718154e-6
2159 8.68468258248250e-6
2160 8.84295049720657e-6
2161 9.00402738918511e-6
2162 9.16796177827449e-6
2163 9.33480299939163e-6
2164 9.50460121575014e-6
2165 9.67740743244066e-6
2166 9.85327351023264e-6
2167 0.0000100322521794554
2168 0.0000102143970540925
2169 0.0000103997626462429
2170 0.0000105884043808187
2171 0.0000107803786103243
2172 0.0000109757426298630
2173 0.0000111745546925347
2174 0.0000113768740250853
2175 0.0000115827608436409
2176 0.0000117922763696833
2177 0.0000120054828464434
2178 0.0000122224435555618
2179 0.0000124432228338377
2180 0.0000126678860902339
2181 0.0000128964998233289
2182 0.0000131291316390508
2183 0.0000133658502685054
2184 0.0000136067255860748
2185 0.0000138518286279933
2186 0.0000141012316112234
2187 0.0000143550079524291
2188 0.0000146132322872366
2189 0.0000148759804900046
2190 0.0000151433296939128
2191 0.0000154153583111523
2192 0.0000156921460534204
2193 0.0000159737739529597
2194 0.0000162603243839350
2195 0.0000165518810839156
2196 0.0000168485291756818
2197 0.0000171503551896105
2198 0.0000174574470864217
2199 0.0000177698942800322
2200 0.0000180877876607550
2201 0.0000184112196191158
2202 0.0000187402840700525
2203 0.0000190750764772267
2204 0.0000194156938777012
2205 0.0000197622349072762
2206 0.0000201147998262323
2207 0.0000204734905451892
2208 0.0000208384106513528
2209 0.0000212096654354651
2210 0.0000215873619191857
2211 0.0000219716088825936
2212 0.0000223625168921003
2213 0.0000227601983291132
2214 0.0000231647674191567
2215 0.0000235763402611175
2216 0.0000239950348569273
2217 0.0000244209711420440
2218 0.0000248542710164205
2219 0.0000252950583756005
2220 0.0000257434591422782
2221 0.0000261996012987111
2222 0.0000266636149196482
2223 0.0000271356322053904
2224 0.0000276157875153433
2225 0.0000281042174024778
2226 0.0000286010606483399
2227 0.0000291064582981953
2228 0.0000296205536966965
2229 0.0000301434925245177
2230 0.0000306754228355733
2231 0.0000312164950943735
2232 0.0000317668622139351
2233 0.0000323266795947241
2234 0.0000328961051642168
2235 0.0000334752994166022
2236 0.0000340644254530731
2237 0.0000346636490232165
2238 0.0000352731385670606
2239 0.0000358930652572672
2240 0.0000365236030419473
2241 0.0000371649286886484
2242 0.0000378172218290398
2243 0.0000384806650037445
2244 0.0000391554437078336
2245 0.0000398417464375690
2246 0.0000405397647378853
2247 0.0000412496932500239
2248 0.0000419717297598662
2249 0.0000427060752475999
2250 0.0000434529339381679
2251 0.0000442125133518721
2252 0.0000449850243557197
2253 0.0000457706812161878
2254 0.0000465697016528206
2255 0.0000473823068919817
2256 0.0000482087217213950
2257 0.0000490491745461961
2258 0.0000499038974458665
2259 0.0000507731262313258
2260 0.0000516571005028586
2261 0.0000525560637096513
2262 0.0000534702632102653
2263 0.0000543999503332691
2264 0.0000553453804387556
2265 0.0000563068129815743
2266 0.0000572845115755560
2267 0.0000582787440578979
2268 0.0000592897825544870
2269 0.0000603179035470492
2270 0.0000613633879413520
2271 0.0000624265211355673
2272 0.0000635075930896284
2273 0.0000646068983965322
2274 0.0000657247363547573
2275 0.0000668614110408438
2276 0.0000680172313830245
2277 0.0000691925112369291
2278 0.0000703875694624708
2279 0.0000716027300008939
2280 0.0000728383219529356
2281 0.0000740946796591946
2282 0.0000753721427817542
2283 0.0000766710563859633
2284 0.0000779917710233992
2285 0.0000793346428171796
2286 0.0000807000335486034
2287 0.0000820883107439489
2288 0.0000834998477625218
2289 0.0000849350238872053
2290 0.0000863942244164185
2291 0.0000878778407562287
2292 0.0000893862705137873
2293 0.0000909199175934294
2294 0.0000924791922942662
2295 0.0000940645114079266
2296 0.0000956762983177002
2297 0.0000973149831005159
2298 0.0000989810026305031
2299 0.000100674800682695
2300 0.000102396828038219
2301 0.000104147542592498
2302 0.000105927409465139
2303 0.000107736901109949
2304 0.000109576497426524
2305 0.000111446685875056
2306 0.000113347961592906
2307 0.000115280827511316
2308 0.000117245794473772
2309 0.000119243381357799
2310 0.000121274115198628
2311 0.000123338531312983
2312 0.000125437173424629
2313 0.000127570593793561
2314 0.000129739353347179
2315 0.000131944021811577
2316 0.000134185177844687
2317 0.000136463409173304
2318 0.000138779312732209
2319 0.000141133494803398
2320 0.000143526571157274
2321 0.000145959167197958
2322 0.000148431918110837
2323 0.000150945469010194
2324 0.000153500475088912
2325 0.000156097601772571
2326 0.000158737524875907
2327 0.000161420930759329
2328 0.000164148516487647
2329 0.000166920989993453
2330 0.000169739070243023
2331 0.000172603487402239
2332 0.000175514983004861
2333 0.000178474310125744
2334 0.000181482233556725
2335 0.000184539529982505
2336 0.000187646988159015
2337 0.000190805409097052
2338 0.000194015606248719
2339 0.000197278405693862
2340 0.000200594646329107
2341 0.000203965180062519
2342 0.000207390872011224
2343 0.000210872600698996
2344 0.000214411258256597
2345 0.000218007750628092
2346 0.000221662997780308
2347 0.000225377933912213
2348 0.000229153507667218
2349 0.000232990682351823
2350 0.000236890436157596
2351 0.000240853762383033
2352 0.000244881669658505
2353 0.000248975182177957
2354 0.000253135339934129
2355 0.000257363198953616
2356 0.000261659831535195
2357 0.000266026326495327
2358 0.000270463789417386
2359 0.000274973342900683
2360 0.000279556126812940
2361 0.000284213298550394
2362 0.000288946033301845
2363 0.000293755524312442
2364 0.000298642983151122
2365 0.000303609639986155
2366 0.000308656743864864
2367 0.000313785562993027
2368 0.000318997385018131
2369 0.000324293517321255
2370 0.000329675287313359
2371 0.000335144042731194
2372 0.000340701151937290
2373 0.000346348004229096
2374 0.000352086010152808
2375 0.000357916601816722
2376 0.000363841233208910
2377 0.000369861380524621
2378 0.000375978542498635
2379 0.000382194240737072
2380 0.000388510020053754
2381 0.000394927448816920
2382 0.000401448119301162
2383 0.000408073648038742
2384 0.000414805676175711
2385 0.000421645869839032
2386 0.000428595920509228
2387 0.000435657545392308
2388 0.000442832487796774
2389 0.000450122517522313
2390 0.000457529431254337
2391 0.000465055052957694
2392 0.000472701234275741
2393 0.000480469854941843
2394 0.000488362823197049
2395 0.000496382076206817
2396 0.000504529580483414
2397 0.000512807332321515
2398 0.000521217358240321
2399 0.000529761715424618
2400 0.000538442492171815
2401 0.000547261808353006
2402 0.000556221815880929
2403 0.000565324699176726
2404 0.000574572675643013
2405 0.000583967996151850
2406 0.000593512945540005
2407 0.000603209843102859
2408 0.000613061043094984
2409 0.000623068935246540
2410 0.000633235945287389
2411 0.000643564535469674
2412 0.000654057205097453
2413 0.000664716491073132
2414 0.000675544968452049
2415 0.000686545250995350
2416 0.000697719991730307
2417 0.000709071883528480
2418 0.000720603659692492
2419 0.000732318094540900
2420 0.000744218004000918
2421 0.000756306246220097
2422 0.000768585722187100
2423 0.000781059376350359
2424 0.000793730197245025
2425 0.000806601218140046
2426 0.000819675517694846
2427 0.000832956220613667
2428 0.000846446498308661
2429 0.000860149569584337
2430 0.000874068701332178
2431 0.000888207209222647
2432 0.000902568458406438
2433 0.000917155864238398
2434 0.000931972893012190
2435 0.000947023062692077
2436 0.000962309943654444
2437 0.000977837159453418
2438 0.000993608387597804
2439 0.00100962736032486
2440 0.00102589786538434
2441 0.00104242374684814
2442 0.00105920890593184
2443 0.00107625730181285
2444 0.00109357295245929
2445 0.00111115993548614
2446 0.00112902238902387
2447 0.00114716451258340
2448 0.00116559056793235
2449 0.00118430488000020
2450 0.00120331183779674
2451 0.00122261589532633
2452 0.00124222157251417
2453 0.00126213345616327
2454 0.00128235620092535
2455 0.00130289453026722
2456 0.00132375323744988
2457 0.00134493718653998
2458 0.00136645131343631
2459 0.00138830062689103
2460 0.00141049020954450
2461 0.00143302521899443
2462 0.00145591088888075
2463 0.00147915252996499
2464 0.00150275553122373
2465 0.00152672536097865
2466 0.00155106756804314
2467 0.00157578778286282
2468 0.00160089171867102
2469 0.00162638517268299
2470 0.00165227402730764
2471 0.00167856425135265
2472 0.00170526190124527
2473 0.00173237312229433
2474 0.00175990414997062
2475 0.00178786131118017
2476 0.00181625102555394
2477 0.00184507980678134
2478 0.00187435426396307
2479 0.00190408110295622
2480 0.00193426712773673
2481 0.00196491924180824
2482 0.00199604444963143
2483 0.00202764985804484
2484 0.00205974267770407
2485 0.00209233022457012
2486 0.00212541992141938
2487 0.00215901929934434
2488 0.00219313599927366
2489 0.00222777777354442
2490 0.00226295248749709
2491 0.00229866812106056
2492 0.00233493277035748
2493 0.00237175464936486
2494 0.00240914209159890
2495 0.00244710355178872
2496 0.00248564760757164
2497 0.00252478296124712
2498 0.00256451844155609
2499 0.00260486300544836
2500 0.00264582573987273
2501 0.00268741586362922
2502 0.00272964272924818
2503 0.00277251582485639
2504 0.00281604477606713
2505 0.00286023934793609
2506 0.00290510944694562
2507 0.00295066512297493
2508 0.00299691657129545
2509 0.00304387413463609
2510 0.00309154830527837
2511 0.00313994972713623
2512 0.00318908919786249
2513 0.00323897767102933
2514 0.00328962625834022
2515 0.00334104623182544
2516 0.00339324902606547
2517 0.00344624624049295
2518 0.00350004964172784
2519 0.00355467116589468
2520 0.00361012292096937
2521 0.00366641718920913
2522 0.00372356642961745
2523 0.00378158328038978
2524 0.00384048056139022
2525 0.00390027127671640
2526 0.00396096861730127
2527 0.00402258596349405
2528 0.00408513688767384
2529 0.00414863515695661
2530 0.00421309473594132
2531 0.00427852978943324
2532 0.00434495468520187
2533 0.00441238399683777
2534 0.00448083250665054
2535 0.00455031520854238
2536 0.00462084731091783
2537 0.00469244423969858
2538 0.00476512164138147
2539 0.00483889538607021
2540 0.00491378157054520
2541 0.00498979652144463
2542 0.00506695679849116
2543 0.00514527919769019
2544 0.00522478075456832
2545 0.00530547874752958
2546 0.00538739070125989
2547 0.00547053439010068
2548 0.00555492784146495
2549 0.00564058933937810
2550 0.00572753742806946
2551 0.00581579091553076
2552 0.00590536887711916
2553 0.00599629065929243
2554 0.00608857588339769
2555 0.00618224444942442
2556 0.00627731653980434
2557 0.00637381262335145
2558 0.00647175345925829
2559 0.00657116010105387
2560 0.00667205390061090
2561 0.00677445651230140
2562 0.00687838989721168
2563 0.00698387632731591
2564 0.00709093838970169
2565 0.00719959899095271
2566 0.00730988136159396
2567 0.00742180906049244
2568 0.00753540597931249
2569 0.00765069634713757
2570 0.00776770473515790
2571 0.00788645606131026
2572 0.00800697559497520
2573 0.00812928896185058
2574 0.00825342214889446
2575 0.00837940150921656
2576 0.00850725376703009
2577 0.00863700602279033
2578 0.00876868575840626
2579 0.00890232084239686
2580 0.00903793953511100
2581 0.00917557049414496
2582 0.00931524277983702
2583 0.00945698586070246
2584 0.00960082961893554
2585 0.00974680435612074
2586 0.00989494079902507
2587 0.0100452701053265
2588 0.0101978238694126
2589 0.0103526341284013
2590 0.0105097333682460
2591 0.0106691545297732
2592 0.0108309310147936
2593 0.0109950966924474
2594 0.0111616859056403
2595 0.0113307334774052
2596 0.0115022747173421
2597 0.0116763454283061
2598 0.0118529819131901
2599 0.0120322209816287
2600 0.0122140999567834
2601 0.0123986566823911
2602 0.0125859295299124
2603 0.0127759574055941
2604 0.0129687797576194
2605 0.0131644365835345
2606 0.0133629684377817
2607 0.0135644164391402
2608 0.0137688222782585
2609 0.0139762282254803
2610 0.0141866771387818
2611 0.0144002124716102
2612 0.0146168782808190
2613 0.0148367192349131
2614 0.0150597806224117
2615 0.0152861083601053
2616 0.0155157490014141
2617 0.0157487497450749
2618 0.0159851584439510
2619 0.0162250236137300
2620 0.0164683944417266
2621 0.0167153207960344
2622 0.0169658532348064
2623 0.0172200430154156
2624 0.0174779421037259
2625 0.0177396031837324
2626 0.0180050796673367
2627 0.0182744257039949
2628 0.0185476961904800
2629 0.0188249467810363
2630 0.0191062338976754
2631 0.0193916147403358
2632 0.0196811472971629
2633 0.0199748903552036
2634 0.0202729035112502
2635 0.0205752471825376
2636 0.0208819826175678
2637 0.0211931719073724
2638 0.0215088779969323
2639 0.0218291646964408
2640 0.0221540966926998
2641 0.0224837395609799
2642 0.0228181597770457
2643 0.0231574247290131
2644 0.0235016027293471
2645 0.0238507630273500
2646 0.0242049758218232
2647 0.0245643122735496
2648 0.0249288445179234
2649 0.0252986456780985
2650 0.0256737898783201
2651 0.0260543522570633
2652 0.0264404089803276
2653 0.0268320372554798
2654 0.0272293153452883
2655 0.0276323225817530
2656 0.0280411393800977
2657 0.0284558472533422
2658 0.0288765288270770
2659 0.0293032678540182
2660 0.0297361492287337
2661 0.0301752590029824
2662 0.0306206844012662
2663 0.0310725138361472
2664 0.0315308369237453
2665 0.0319957444998829
2666 0.0324673286364543
2667 0.0329456826575442
2668 0.0334309011557348
2669 0.0339230800090980
2670 0.0344223163984239
2671 0.0349287088241800
2672 0.0354423571236702
2673 0.0359633624889170
2674 0.0364918274847921
2675 0.0370278560668604
2676 0.0375715535994328
2677 0.0381230268743836
2678 0.0386823841302298
2679 0.0392497350709039
2680 0.0398251908847453
2681 0.0404088642643017
2682 0.0410008694264038
2683 0.0416013221319143
2684 0.0422103397057055
2685 0.0428280410574940
2686 0.0434545467029614
2687 0.0440899787845285
2688 0.0447344610923695
2689 0.0453881190863306
2690 0.0460510799181517
2691 0.0467234724533157
2692 0.0474054272931518
2693 0.0480970767978934
2694 0.0487985551100550
2695 0.0495099981774122
2696 0.0502315437762473
2697 0.0509633315356051
2698 0.0517055029618823
2699 0.0524582014629952
2700 0.0532215723728254
2701 0.0539957629767323
2702 0.0547809225374181
2703 0.0555772023203407
2704 0.0563847556194204
2705 0.0572037377838726
2706 0.0580343062454114
2707 0.0588766205449715
2708 0.0597308423597372
2709 0.0605971355313626
2710 0.0614756660945809
2711 0.0623666023052996
2712 0.0632701146690193
2713 0.0641863759705099
2714 0.0651155613038958
2715 0.0660578481021942
2716 0.0670134161671910
2717 0.0679824477006471
2718 0.0689651273359334
2719 0.0699616421690827
2720 0.0709721817901969
2721 0.0719969383162586
2722 0.0730361064243934
2723 0.0740898833845113
2724 0.0751584690923203
2725 0.0762420661038241
2726 0.0773408796702924
2727 0.0784551177725707
2728 0.0795849911557804
2729 0.0807307133655853
2730 0.0818925007849565
2731 0.0830705726702326
2732 0.0842651511875889
2733 0.0854764614511623
2734 0.0867047315616988
2735 0.0879501926444506
2736 0.0892130788875027
2737 0.0904936275818479
2738 0.0917920791620101
2739 0.0931086772458697
2740 0.0944436686749388
2741 0.0957973035564827
2742 0.0971698353062178
2743 0.0985615206901595
2744 0.0999726198669421
2745 0.101403396432089
2746 0.102854117462886
2747 0.104325053562354
2748 0.105816478903712
2749 0.107328671276902
2750 0.108861912135748
2751 0.110416486644153
2752 0.111992683722816
2753 0.113590796098119
2754 0.115211120351686
2755 0.116853956968914
2756 0.118519610388052
2757 0.120208389051571
2758 0.121920605458234
2759 0.123656576214084
2760 0.125416622083995
2761 0.127201068045645
2762 0.129010243344233
2763 0.130844481546028
2764 0.132704120592521
2765 0.134589502857135
2766 0.136500975202701
2767 0.138438889037714
2768 0.140403600373200
2769 0.142395469882296
2770 0.144414862960637
2771 0.146462149785424
2772 0.148537705375166
2773 0.150641909652254
2774 0.152775147506398
2775 0.154937808856665
2776 0.157130288714211
2777 0.159352987248012
2778 0.161606309851497
2779 0.163890667207696
2780 0.166206475355109
2781 0.168554155756752
2782 0.170934135370137
2783 0.173346846715683
2784 0.175792727945878
2785 0.178272222917794
2786 0.180785781266583
2787 0.183333858477309
2788 0.185916915957558
2789 0.188535421113598
2790 0.191189847427557
2791 0.193880674532842
2792 0.196608388290368
2793 0.199373480868532
2794 0.202176450824263
2795 0.205017803182190
2796 0.207898049514675
2797 0.210817708025780
2798 0.213777303636378
2799 0.216777368067255
2800 0.219818439923122
2801 0.222901064780779
2802 0.226025795278476
2803 0.229193191203141
2804 0.232403819578565
2805 0.235658254757964
2806 0.238957078517793
2807 0.242300880149309
2808 0.245690256551114
2809 0.249125812326339
2810 0.252608159881129
2811 0.256137919520732
2812 0.259715719546634
2813 0.263342196358568
2814 0.267017994557901
2815 0.270743767048475
2816 0.274520175138540
2817 0.278347888647831
2818 0.282227586016091
2819 0.286159954408888
2820 0.290145689824581
2821 0.294185497206707
2822 0.298280090557884
2823 0.302430193050848
2824 0.306636537140688
2825 0.310899864682798
2826 0.315220927052423
2827 0.319600485261165
2828 0.324039310074730
2829 0.328538182136725
2830 0.333097892094110
2831 0.337719240719430
2832 0.342403039034350
2833 0.347150108439565
2834 0.351961280846446
2835 0.356837398805271
2836 0.361779315634823
2837 0.366787895558704
2838 0.371864013843475
2839 0.377008556933167
2840 0.382222422585235
2841 0.387506520013577
2842 0.392861770033480
2843 0.398289105202719
2844 0.403789469964147
2845 0.409363820795762
2846 0.415013126362772
2847 0.420738367665589
2848 0.426540538189390
2849 0.432420644061542
2850 0.438379704211145
2851 0.444418750524243
2852 0.450538828000674
2853 0.456740994919224
2854 0.463026323004987
2855 0.469395897592138
2856 0.475850817788423
2857 0.482392196648403
2858 0.489021161349003
2859 0.495738853360208
2860 0.502546428617551
2861 0.509445057703828
2862 0.516435926033230
2863 0.523520234030333
2864 0.530699197310961
2865 0.537974046872774
2866 0.545346029288388
2867 0.552816406893053
2868 0.560386457974282
2869 0.568057476971728
2870 0.575830774679733
2871 0.583707678444082
2872 0.591689532360823
2873 0.599777697485874
2874 0.607973552047430
2875 0.616278491652242
2876 0.624693929494038
2877 0.633221296573333
2878 0.641862041920158
2879 0.650617632810301
2880 0.659489554983793
2881 0.668479312875388
2882 0.677588429848109
2883 0.686818448419914
2884 0.696170930492720
2885 0.705647457594055
2886 0.715249631121924
2887 0.724979072582401
2888 0.734837423829668
2889 0.744826347319370
2890 0.754947526365342
2891 0.765202665388619
2892 0.775593490169016
2893 0.786121748110738
2894 0.796789208511513
2895 0.807597662823563
2896 0.818548924917258
2897 0.829644831359551
2898 0.840887241696108
2899 0.852278038724788
2900 0.863819128771938
2901 0.875512441984253
2902 0.887359932624505
2903 0.899363579358123
2904 0.911525385542711
2905 0.923847379533954
2906 0.936331614995598
2907 0.948980171199721
2908 0.961795153330094
2909 0.974778692802797
2910 0.987932947591095
2911 1.00126010254006
2912 1.01476236968439
2913 1.02844198858443
2914 1.04230122666667
2915 1.05634237955332
2916 1.07056777139531
2917 1.08497975522442
2918 1.09958071331006
2919 1.11437305750463
2920 1.12935922959226
2921 1.14454170165789
2922 1.15992297646107
2923 1.17550558779776
2924 1.19129210086566
2925 1.20728511265091
2926 1.22348725231980
2927 1.23990118159769
2928 1.25652959515174
2929 1.27337522099601
2930 1.29044082090195
2931 1.30772919079520
2932 1.32524316115653
2933 1.34298559744622
2934 1.36095940053410
2935 1.37916750711520
2936 1.39761289012958
2937 1.41629855920701
2938 1.43522756111741
2939 1.45440298020620
2940 1.47382793883393
2941 1.49350559784212
2942 1.51343915702514
2943 1.53363185558608
2944 1.55408697259715
2945 1.57480782748761
2946 1.59579778053810
2947 1.61706023335795
2948 1.63859862936734
2949 1.66041645430830
2950 1.68251723676250
2951 1.70490454865107
2952 1.72758200573939
2953 1.75055326817234
2954 1.77382204101657
2955 1.79739207478385
2956 1.82126716595955
2957 1.84545115756318
2958 1.86994793971640
2959 1.89476145019083
2960 1.91989567496138
2961 1.94535464879329
2962 1.97114245583688
2963 1.99726323020111
2964 2.02372115653282
2965 2.05052047063143
2966 2.07766546007180
2967 2.10516046480457
2968 2.13300987776254
2969 2.16121814550431
2970 2.18978976886647
2971 2.21872930359205
2972 2.24804136096514
2973 2.27773060848491
2974 2.30780177054839
2975 2.33825962910828
2976 2.36910902433723
2977 2.40035485533343
2978 2.43200208083553
2979 2.46405571991112
2980 2.49652085265186
2981 2.52940262091231
2982 2.56270622905829
2983 2.59643694468740
2984 2.63060009935660
2985 2.66520108935547
2986 2.70024537648982
2987 2.73573848883558
2988 2.77168602150020
2989 2.80809363743215
2990 2.84496706824107
2991 2.88231211498680
2992 2.92013464897597
2993 2.95844061260940
2994 2.99723602024057
2995 3.03652695900116
2996 3.07631958963461
2997 3.11662014738304
2998 3.15743494288574
2999 3.19877036304298
