1 1.13492460581527e-105
2 2.43723203156622e-96
3 7.01012735800141e-91
4 5.23391593904475e-87
5 5.28490452941169e-84
6 1.50541338646953e-81
7 1.79063163263252e-79
8 1.12397488941052e-77
9 4.32996917359974e-76
10 1.13492460528678e-74
11 2.17841315909009e-73
12 3.23285063393446e-72
13 3.86554678003929e-71
14 3.84535214887924e-70
15 3.26434492971814e-69
16 2.41371769577169e-68
17 1.58082419605232e-67
18 9.29853799231956e-67
19 4.96968247394052e-66
20 2.43723203383607e-65
21 1.10602552202160e-64
22 4.67810663555557e-64
23 1.85579469288229e-63
24 6.94249387280068e-63
25 2.46097544646435e-62
26 8.30119849684789e-62
27 2.67450676526215e-61
28 8.25783086821054e-61
29 2.45078349419165e-60
30 7.01012735473707e-60
31 1.93722257219033e-59
32 5.18341928255794e-59
33 1.34554785448482e-58
34 3.39479410980427e-58
35 8.33827831145616e-58
36 1.99684583074101e-57
37 4.66896327566043e-57
38 1.06723118435698e-56
39 2.38764540812135e-56
40 5.23391593904475e-56
41 1.12529546897741e-55
42 2.37517172170602e-55
43 4.92594019494162e-55
44 1.00461575128121e-54
45 2.01629901938129e-54
46 3.98528875515411e-54
47 7.76248203129606e-54
48 1.49088920681797e-53
49 2.82517589922275e-53
50 5.28490452695071e-53
51 9.76433050103477e-53
52 1.78266880473854e-52
53 3.21750306652272e-52
54 5.74345954219133e-52
55 1.01440267595001e-51
56 1.77335567574318e-51
57 3.06964065213165e-51
58 5.26301747611408e-51
59 8.94086161028995e-51
60 1.50541338787156e-50
61 2.51299657797793e-50
62 4.16015379437802e-50
63 6.83162540563805e-50
64 1.11313081500211e-49
65 1.80003548974138e-49
66 2.88954201376208e-49
67 4.60559659741381e-49
68 7.29026484592098e-49
69 1.14627501075833e-48
70 1.79063163179869e-48
71 2.77955852115781e-48
72 4.28819376909329e-48
73 6.57621003631062e-48
74 1.00265222829243e-47
75 1.52007906218904e-47
76 2.29186151917674e-47
77 3.43699968405174e-47
78 5.12742946877524e-47
79 7.61038875218305e-47
80 1.12397488941052e-46
81 1.65197167708387e-46
82 2.41655361767219e-46
83 3.51874565178664e-46
84 5.10064243830602e-46
85 7.36128630140944e-46
86 1.05783760147371e-45
87 1.51378376441400e-45
88 2.15739589839963e-45
89 3.06236687085930e-45
90 4.32996917158345e-45
91 6.09888119994268e-45
92 8.55834244222231e-45
93 1.19657084552273e-44
94 1.66698032223396e-44
95 2.31418873832585e-44
96 3.20166019262127e-44
97 4.41459405519617e-44
98 6.06701904347938e-44
99 8.31109113142215e-44
100 1.13492460634376e-43
101 1.54500396792207e-43
102 2.09687400748755e-43
103 2.83740270042489e-43
104 3.82825210797572e-43
105 5.15033268379791e-43
106 6.90953521952990e-43
107 9.24408904241463e-43
108 1.23339854612924e-42
109 1.64130180847622e-42
110 2.17841315807568e-42
111 2.88389440360221e-42
112 3.80825231574646e-42
113 5.01647624294916e-42
114 6.59200310261914e-42
115 8.64171745666440e-42
116 1.13022439796193e-41
117 1.47478504835608e-41
118 1.92003540981877e-41
119 2.49415141462082e-41
120 3.23285063393446e-41
121 4.18132082728784e-41
122 5.39661905617457e-41
123 6.95065074146216e-41
124 8.93386225491226e-41
125 1.14598099443333e-40
126 1.46708038410375e-40
127 1.87448669211337e-40
128 2.39043022330194e-40
129 3.04262221010120e-40
130 3.86554677823926e-40
131 4.90204368509980e-40
132 6.20524423054215e-40
133 7.84093550917843e-40
134 9.89044337762499e-40
135 1.24541426322523e-39
136 1.56557245462046e-39
137 1.96473776835582e-39
138 2.46160684056827e-39
139 3.07911436429586e-39
140 3.84535215246050e-39
141 4.79467863986375e-39
142 5.96905647006589e-39
143 7.41966288295146e-39
144 9.20882599858333e-39
145 1.14123499681784e-38
146 1.41223035122143e-38
147 1.74503599277247e-38
148 2.15317926689407e-38
149 2.65302494013485e-38
150 3.26434492819806e-38
151 4.01099737683184e-38
152 4.92173513591250e-38
153 6.03116718301308e-38
154 7.38090061624527e-38
155 9.02089556767761e-38
156 1.10110709507230e-37
157 1.34232054247953e-37
158 1.63431853926258e-37
159 1.98736604665311e-37
160 2.41371769577169e-37
161 2.92798716647743e-37
162 3.54758216184476e-37
163 4.29321609060821e-37
164 5.18950938329937e-37
165 6.26569546053567e-37
166 7.55644874516417e-37
167 9.10285484411581e-37
168 1.09535462305570e-36
169 1.31660304412364e-36
170 1.58082419531619e-36
171 1.89603536697343e-36
172 2.27168895352001e-36
173 2.71891861971042e-36
174 3.25082587917316e-36
175 3.88281341244288e-36
176 4.63297241407548e-36
177 5.52253235653256e-36
178 6.57638277628490e-36
179 7.82367807933536e-36
180 9.29853800097949e-36
181 1.10408582159987e-35
182 1.30972476418726e-35
183 1.55221113116957e-35
184 1.83789004486568e-35
185 2.17415544933660e-35
186 2.56961632323702e-35
187 3.03428810446364e-35
188 3.57981298686917e-35
189 4.21971326644015e-35
190 4.96968247162633e-35
191 5.84791964638525e-35
192 6.87551291010671e-35
193 8.07687926704234e-35
194 9.48026854167720e-35
195 1.11183403438020e-34
196 1.30288242001106e-34
197 1.52552743675836e-34
198 1.78479322934558e-34
199 2.08647113339937e-34
200 2.43723203383607e-34
201 2.84475449223838e-34
202 3.31787075566276e-34
203 3.86673302080781e-34
204 4.50300264718949e-34
205 5.24006536685588e-34
206 6.09327589911609e-34
207 7.08023578970517e-34
208 8.22110880229940e-34
209 9.53897875000650e-34
210 1.10602552150656e-33
211 1.28151332446210e-33
212 1.48381139130396e-33
213 1.71685935193353e-33
214 1.98515300499973e-33
215 2.29381965237745e-33
216 2.64870320927951e-33
217 3.05646031413857e-33
218 3.52466879349421e-33
219 4.06194998780457e-33
220 4.67810663991240e-33
221 5.38427825914355e-33
222 6.19311607141056e-33
223 7.11897989385952e-33
224 8.17815957552366e-33
225 9.38912396962422e-33
226 1.07728006972973e-32
227 1.23528903049832e-32
228 1.41562188836239e-32
229 1.62131337119957e-32
230 1.85579469201812e-32
231 2.12294326787509e-32
232 2.42713841319388e-32
233 2.77332370416734e-32
234 3.16707677418480e-32
235 3.61468737539652e-32
236 4.12324465000687e-32
237 4.70073466760206e-32
238 5.35614937604014e-32
239 6.09960822339675e-32
240 6.94249387280068e-32
241 7.89760360074330e-32
242 8.97931809946115e-32
243 1.02037895634928e-31
244 1.15891511884133e-31
245 1.31557504610287e-31
246 1.49264088032984e-31
247 1.69267103616619e-31
248 1.91853231059085e-31
249 2.17343557739843e-31
250 2.46097544531837e-31
251 2.78517429153118e-31
252 3.15053113809851e-31
253 3.56207589370244e-31
254 4.02542951783258e-31
255 4.54687071081007e-31
256 5.13340981622590e-31
257 5.79287070290235e-31
258 6.53398144019133e-31
259 7.36647464523990e-31
260 8.30119850457898e-31
261 9.35023959005091e-31
262 1.05270586506314e-30
263 1.18466406517170e-30
264 1.33256605169356e-30
265 1.49826661987357e-30
266 1.68382807831423e-30
267 1.89154254579111e-30
268 2.12395654447004e-30
269 2.38389812439954e-30
270 2.67450676401674e-30
271 2.99926630827711e-30
272 3.36204124605665e-30
273 3.76711666430091e-30
274 4.21924222818740e-30
275 4.72368055931296e-30
276 5.28626044284852e-30
277 5.91343534615133e-30
278 6.61234774456817e-30
279 7.39089978048378e-30
280 8.25783086821054e-30
281 9.22280293123615e-30
282 1.02964939717276e-29
283 1.14907007121153e-29
284 1.28184511753932e-29
285 1.42941281764379e-29
286 1.59336047073911e-29
287 1.77543922519992e-29
288 1.97758032492350e-29
289 2.20191290771187e-29
290 2.45078349305041e-29
291 2.72677730328795e-29
292 3.03274158928179e-29
293 3.37181115297054e-29
294 3.74743625790530e-29
295 4.16341312708796e-29
296 4.62391726686764e-29
297 5.13353988597091e-29
298 5.69732767402274e-29
299 6.32082621411839e-29
300 7.01012736126576e-29
301 7.77192096137717e-29
302 8.61355127490626e-29
303 9.54307848138601e-29
304 1.05693457241591e-28
305 1.17020522150115e-28
306 1.29518328978436e-28
307 1.43303451844538e-28
308 1.58503633956616e-28
309 1.75258816259669e-28
310 1.93722257128824e-28
311 2.14061750071627e-28
312 2.36460948136455e-28
313 2.61120804916209e-28
314 2.88261141400695e-28
315 3.18122348079367e-28
316 3.50967234195828e-28
317 3.87083037723666e-28
318 4.26783608579059e-28
319 4.70411777705068e-28
320 5.18341928255794e-28
321 5.70982787437948e-28
322 6.28780455863616e-28
323 6.92221691313038e-28
324 7.61837468959329e-28
325 8.38206843352590e-28
326 9.21961134761840e-28
327 1.01378846236849e-27
328 1.11443865417780e-27
329 1.22472856802636e-27
330 1.34554785385825e-27
331 1.47786518706790e-27
332 1.62273501323031e-27
333 1.78130485079724e-27
334 1.95482319187534e-27
335 2.14464804037186e-27
336 2.35225614177333e-27
337 2.57925296748519e-27
338 2.82738350684594e-27
339 3.09854391836015e-27
340 3.39479411296592e-27
341 3.71837135411676e-27
342 4.07170494470908e-27
343 4.45743206815508e-27
344 4.87841488102646e-27
345 5.33775897118418e-27
346 5.83883327335194e-27
347 6.38529152956998e-27
348 6.98109542452123e-27
349 7.63053954839977e-27
350 8.33827830757335e-27
351 9.10935489606888e-27
352 9.94923250086218e-27
353 1.08638279450748e-26
354 1.18595479256820e-26
355 1.29433279910954e-26
356 1.41226744882134e-26
357 1.54057097511526e-26
358 1.68012207347650e-26
359 1.83187112789034e-26
360 1.99684583074101e-26
361 2.17615723240487e-26
362 2.37100624677029e-26
363 2.58269063634369e-26
364 2.81261251709225e-26
365 3.06228643111448e-26
366 3.33334802087802e-26
367 3.62756333495594e-26
368 3.94683881817104e-26
369 4.29323204986247e-26
370 4.66896327348628e-26
371 5.07642775518910e-26
372 5.51820904092462e-26
373 5.99709319635213e-26
374 6.51608408462230e-26
375 7.07841972908490e-26
376 7.68758985219957e-26
377 8.34735470180470e-26
378 9.06176523470918e-26
379 9.83518471598862e-26
380 1.06723118535091e-25
381 1.15782056140673e-25
382 1.25583118095823e-25
383 1.36184915252807e-25
384 1.47650515460671e-25
385 1.60047769735182e-25
386 1.73449661447668e-25
387 1.87934679412218e-25
388 2.03587216908611e-25
389 2.20497999166041e-25
390 2.38764540700952e-25
391 2.58491633574760e-25
392 2.79791869224042e-25
393 3.02786197170788e-25
394 3.27604522348841e-25
395 3.54386342325390e-25
396 3.83281427865033e-25
397 4.14450551161819e-25
398 4.48066263891270e-25
399 4.84313726599765e-25
400 5.23391593904475e-25
401 5.65512961150921e-25
402 6.10906375181171e-25
403 6.59816910989472e-25
404 7.12507320059892e-25
405 7.69259257746798e-25
406 8.30374592949969e-25
407 8.96176802132221e-25
408 9.67012455174014e-25
409 1.04325280264500e-24
410 1.12529546845340e-24
411 1.21356625018769e-24
412 1.30852103682908e-24
413 1.41064785628418e-24
414 1.52046905752960e-24
415 1.63854362991948e-24
416 1.76546967213668e-24
417 1.90188702694132e-24
418 2.04848008747195e-24
419 2.20598077781554e-24
420 2.37517172391807e-24
421 2.55688963576608e-24
422 2.75202890769497e-24
423 2.96154543957474e-24
424 3.18646069954139e-24
425 3.42786605535515e-24
426 3.68692738247627e-24
427 3.96488995142729e-24
428 4.26308362098529e-24
429 4.58292837219458e-24
430 4.92594019264780e-24
431 5.29373731308173e-24
432 5.68804683033287e-24
433 6.11071176180093e-24
434 6.56369854231705e-24
435 7.04910496442577e-24
436 7.56916860569404e-24
437 8.12627580122278e-24
438 8.72297117374216e-24
439 9.36196772050955e-24
440 1.00461575128121e-23
441 1.07786230829350e-23
442 1.15626495124084e-23
443 1.24017372178772e-23
444 1.32996155059064e-23
445 1.42602569929291e-23
446 1.52878929053851e-23
447 1.63870292519911e-23
448 1.75624639591717e-23
449 1.88193050931280e-23
450 2.01629901844237e-23
451 2.15993066404962e-23
452 2.31344133621546e-23
453 2.47748637223373e-23
454 2.65276299231362e-23
455 2.84001287070228e-23
456 3.04002485700911e-23
457 3.25363786799318e-23
458 3.48174395131352e-23
459 3.72529151748797e-23
460 3.98528875886570e-23
461 4.26280728151760e-23
462 4.55898595127050e-23
463 4.87503494824099e-23
464 5.21224005376652e-23
465 5.57196720281024e-23
466 5.95566730253682e-23
467 6.36488130879691e-23
468 6.80124559085659e-23
469 7.26649762655349e-23
470 7.76248202768137e-23
471 8.29115688375040e-23
472 8.85460046259323e-23
473 9.45501832154143e-23
474 1.00947508275614e-22
475 1.07762810696189e-22
476 1.15022432120039e-22
477 1.22754313569563e-22
478 1.30988089128513e-22
479 1.39755184446356e-22
480 1.49088920681797e-22
481 1.59024624753695e-22
482 1.69599745830846e-22
483 1.80853977739393e-22
484 1.92829388067419e-22
485 2.05570555068374e-22
486 2.19124712250300e-22
487 2.33541900212378e-22
488 2.48875126713174e-22
489 2.65180536366687e-22
490 2.82517589790717e-22
491 3.00949251613881e-22
492 3.20542188582994e-22
493 3.41366979537881e-22
494 3.63498336991745e-22
495 3.87015339518998e-22
496 4.12001676515350e-22
497 4.38545907563884e-22
498 4.66741736027113e-22
499 4.96688295799077e-22
500 5.28490453187267e-22
501 5.62259126744480e-22
502 5.98111624510803e-22
503 6.36171997250110e-22
504 6.76571410158139e-22
505 7.19448536598156e-22
506 7.64949973109891e-22
507 8.13230673821635e-22
508 8.64454407377286e-22
509 9.18794240856633e-22
510 9.76433049648790e-22
511 1.03756405082030e-21
512 1.10239136388278e-21
513 1.17113060459296e-21
514 1.24400951036682e-21
515 1.32126859409031e-21
516 1.40316183122143e-21
517 1.48995738725996e-21
518 1.58193838366928e-21
519 1.67940369805620e-21
520 1.78266880473854e-21
521 1.89206666457864e-21
522 2.00794866151663e-21
523 2.13068558035786e-21
524 2.26066863348221e-21
525 2.39831054760046e-21
526 2.54404670714477e-21
527 2.69833634724776e-21
528 2.86166380589184e-21
529 3.03453984915245e-21
530 3.21750306502445e-21
531 3.41112131674746e-21
532 3.61599326759073e-21
533 3.83274999450179e-21
534 4.06205668469115e-21
535 4.30461440347816e-21
536 4.56116194831200e-21
537 4.83247781069534e-21
538 5.11938223826198e-21
539 5.42273938204907e-21
540 5.74345954754035e-21
541 6.08250157657264e-21
542 6.44087535002316e-21
543 6.81964439216547e-21
544 7.21992859980820e-21
545 7.64290712995558e-21
546 8.08982143292740e-21
547 8.56197840658939e-21
548 9.06075370042201e-21
549 9.58759521139255e-21
550 1.01440267547764e-20
551 1.07316518789878e-20
552 1.13521578600864e-20
553 1.20073199280937e-20
554 1.26990057034518e-20
555 1.34291798044099e-20
556 1.41999086695745e-20
557 1.50133656603056e-20
558 1.58718364152048e-20
559 1.67777244071154e-20
560 1.77335567574318e-20
561 1.87419903878804e-20
562 1.98058184743333e-20
563 2.09279771401138e-20
564 2.21115524566086e-20
565 2.33597878504040e-20
566 2.46760918718389e-20
567 2.60640462462652e-20
568 2.75274142918433e-20
569 2.90701498265320e-20
570 3.06964065070224e-20
571 3.24105475007771e-20
572 3.42171555946855e-20
573 3.61210438917840e-20
574 3.81272670235918e-20
575 4.02411327542011e-20
576 4.24682141037973e-20
577 4.48143621783889e-20
578 4.72857196142946e-20
579 4.98887344824945e-20
580 5.26301748101565e-20
581 5.55171439494090e-20
582 5.85570966782163e-20
583 6.17578558400436e-20
584 6.51276297159217e-20
585 6.86750304119701e-20
586 7.24090931177644e-20
587 7.63392959947446e-20
588 8.04755809326880e-20
589 8.48283755220942e-20
590 8.94086160612653e-20
591 9.42277712986882e-20
592 9.92978672030311e-20
593 1.04631513187710e-19
594 1.10241929563448e-19
595 1.16142975847275e-19
596 1.22349180286564e-19
597 1.28875771121521e-19
598 1.35738709303482e-19
599 1.42954722208718e-19
600 1.50541338787156e-19
601 1.58516926787002e-19
602 1.66900731703340e-19
603 1.75712916881490e-19
604 1.84974605312979e-19
605 1.94707923908152e-19
606 2.04936049808140e-19
607 2.15683258033461e-19
608 2.26974971126905e-19
609 2.38837811748565e-19
610 2.51299657680773e-19
611 2.64389698376786e-19
612 2.78138493856513e-19
613 2.92578037118181e-19
614 3.07741819394797e-19
615 3.23664897189576e-19
616 3.40383962070411e-19
617 3.57937414648259e-19
618 3.76365441910216e-19
619 3.95710096597840e-19
620 4.16015379825246e-19
621 4.37327328671835e-19
622 4.59694107727021e-19
623 4.83166102980681e-19
624 5.07796019513613e-19
625 5.33638985098026e-19
626 5.60752658449035e-19
627 5.89197340159692e-19
628 6.19036088088331e-19
629 6.50334839761597e-19
630 6.83162540245683e-19
631 7.17591273079596e-19
632 7.53696396419328e-19
633 7.91556687503640e-19
634 8.31254493542657e-19
635 8.72875886090737e-19
636 9.16510821511528e-19
637 9.62253311306094e-19
638 1.01020159997783e-18
639 1.06045834685064e-18
640 1.11313081500211e-18
641 1.16833107187786e-18
642 1.22617619874147e-18
643 1.28678850459603e-18
644 1.35029574840666e-18
645 1.41683137514684e-18
646 1.48653476219343e-18
647 1.55955147076324e-18
648 1.63603350702387e-18
649 1.71613959955232e-18
650 1.80003548890318e-18
651 1.88789422284107e-18
652 1.97989646283650e-18
653 2.07623080988001e-18
654 2.17709414445361e-18
655 2.28269197284235e-18
656 2.39323878654595e-18
657 2.50895844450278e-18
658 2.63008457185034e-18
659 2.75686096575340e-18
660 2.88954201645318e-18
661 3.02839315523573e-18
662 3.17369132169890e-18
663 3.32572543886302e-18
664 3.48479690594915e-18
665 3.65122012290099e-18
666 3.82532303740885e-18
667 4.00744770059613e-18
668 4.19795084319311e-18
669 4.39720448911735e-18
670 4.60559659526916e-18
671 4.82353170084191e-18
672 5.05143160036579e-18
673 5.28973606080176e-18
674 5.53890356915068e-18
675 5.79941209044880e-18
676 6.07175985323132e-18
677 6.35646618683477e-18
678 6.65407239418972e-18
679 6.96514263587336e-18
680 7.29026484592098e-18
681 7.63005170860201e-18
682 7.98514167643898e-18
683 8.35620000033511e-18
684 8.74391979638691e-18
685 9.14902318434707e-18
686 9.57226247397643e-18
687 1.00144213642942e-17
688 1.04763161851642e-17
689 1.09587972230358e-17
690 1.14627501022456e-17
691 1.19890971799048e-17
692 1.25387989895993e-17
693 1.31128557838655e-17
694 1.37123091410792e-17
695 1.43382435864576e-17
696 1.49917882692870e-17
697 1.56741187560178e-17
698 1.63864588979753e-17
699 1.71300827134782e-17
700 1.79063163346634e-17
701 1.87165400901435e-17
702 1.95621906740273e-17
703 2.04447633293257e-17
704 2.13658141057517e-17
705 2.23269622766588e-17
706 2.33298928558698e-17
707 2.43763591284257e-17
708 2.54681852667936e-17
709 2.66072691334039e-17
710 2.77955851986347e-17
711 2.90351874716746e-17
712 3.03282125294651e-17
713 3.16768827636799e-17
714 3.30835097610286e-17
715 3.45504976946463e-17
716 3.60803468279489e-17
717 3.76756572734697e-17
718 3.93391329055595e-17
719 4.10735852814120e-17
720 4.28819376909329e-17
721 4.47672295046240e-17
722 4.67326206989024e-17
723 4.87813963857545e-17
724 5.09169714898706e-17
725 5.31428957738840e-17
726 5.54628590680809e-17
727 5.78806964989102e-17
728 6.04003938861574e-17
729 6.30260935464928e-17
730 6.57621003324833e-17
731 6.86128876629347e-17
732 7.15831037459541e-17
733 7.46775782761422e-17
734 7.79013294027467e-17
735 8.12595706792768e-17
736 8.47577182331394e-17
737 8.84013984881368e-17
738 9.21964561985593e-17
739 9.61489624519136e-17
740 1.00265222922623e-16
741 1.04551786770024e-16
742 1.09015455894455e-16
743 1.13663294145508e-16
744 1.18502636816314e-16
745 1.23541100888273e-16
746 1.28786595687012e-16
747 1.34247333469605e-16
748 1.39931840337516e-16
749 1.45848968023110e-16
750 1.52007906148120e-16
751 1.58418194387071e-16
752 1.65089735001293e-16
753 1.72032806389280e-16
754 1.79258077178341e-16
755 1.86776620188348e-16
756 1.94599926816764e-16
757 2.02739922605486e-16
758 2.11208983428099e-16
759 2.20019951508437e-16
760 2.29186151917674e-16
761 2.38721410444868e-16
762 2.48640072178131e-16
763 2.58957019866819e-16
764 2.69687692826800e-16
765 2.80848107441006e-16
766 2.92454878473483e-16
767 3.04525240102677e-16
768 3.17077067570561e-16
769 3.30128900683728e-16
770 3.43699968245126e-16
771 3.57810212129548e-16
772 3.72480312056902e-16
773 3.87731712514265e-16
774 4.03586650741925e-16
775 4.20068184271343e-16
776 4.37200219253072e-16
777 4.55007541276492e-16
778 4.73515847405294e-16
779 4.92751777653498e-16
780 5.12742947355053e-16
781 5.33517982421529e-16
782 5.55106555988114e-16
783 5.77539424365537e-16
784 6.00848464001984e-16
785 6.25066711790639e-16
786 6.50228406961584e-16
787 6.76369032117535e-16
788 7.03525355410195e-16
789 7.31735476590154e-16
790 7.61038874863919e-16
791 7.91476455700032e-16
792 8.23090598922251e-16
793 8.55925211285223e-16
794 8.90025781110143e-16
795 9.25439431636178e-16
796 9.62214975823087e-16
797 1.00040297633826e-15
798 1.04005580789062e-15
799 1.08122771800151e-15
800 1.12397488941052e-15
801 1.16835550847438e-15
802 1.21442983623815e-15
803 1.26226027761099e-15
804 1.31191145238233e-15
805 1.36345027316242e-15
806 1.41694602636395e-15
807 1.47247045089280e-15
808 1.53009781890892e-15
809 1.58990502458346e-15
810 1.65197167631461e-15
811 1.71638018618330e-15
812 1.78321586173546e-15
813 1.85256700699354e-15
814 1.92452502739970e-15
815 1.99918453144292e-15
816 2.07664343489853e-15
817 2.15700307571489e-15
818 2.24036833336706e-15
819 2.32684774423660e-15
820 2.41655361992278e-15
821 2.50960217783027e-15
822 2.60611367682916e-15
823 2.70621254816484e-15
824 2.81002752965446e-15
825 2.91769181403130e-15
826 3.02934320304589e-15
827 3.14512425590226e-15
828 3.26518244137572e-15
829 3.38967030622725e-15
830 3.51874565014810e-15
831 3.65257169396283e-15
832 3.79131725195345e-15
833 3.93515692294552e-15
834 4.08427128879793e-15
835 4.23884710488646e-15
836 4.39907749519657e-15
837 4.56516216900570e-15
838 4.73730764595522e-15
839 4.91572747163293e-15
840 5.10064243830602e-15
841 5.29228083048526e-15
842 5.49087867999143e-15
843 5.69668000979418e-15
844 5.90993708360231e-15
845 6.13091068399904e-15
846 6.35987040133418e-15
847 6.59709490935597e-15
848 6.84287224725977e-15
849 7.09750013453466e-15
850 7.36128629798158e-15
851 7.63454878309623e-15
852 7.91761627260509e-15
853 8.21082844266775e-15
854 8.51453633284472e-15
855 8.82910269765849e-15
856 9.15490236612254e-15
857 9.49232264450630e-15
858 9.84176373466019e-15
859 1.02036391307050e-14
860 1.05783760245890e-14
861 1.09664157612498e-14
862 1.13682143113567e-14
863 1.17842427186598e-14
864 1.22149875571981e-14
865 1.26609514453934e-14
866 1.31226535799981e-14
867 1.36006302402785e-14
868 1.40954353031547e-14
869 1.46076408235396e-14
870 1.51378376370909e-14
871 1.56866359281231e-14
872 1.62546658096829e-14
873 1.68425779783185e-14
874 1.74510443941377e-14
875 1.80807589201391e-14
876 1.87324379750326e-14
877 1.94068212715937e-14
878 2.01046725835361e-14
879 2.08267804648341e-14
880 2.15739589839963e-14
881 2.23470485562346e-14
882 2.31469168077797e-14
883 2.39744593847505e-14
884 2.48306007785775e-14
885 2.57162952634159e-14
886 2.66325278697825e-14
887 2.75803152936110e-14
888 2.85607068236212e-14
889 2.95747853967421e-14
890 3.06236686943327e-14
891 3.17085101632676e-14
892 3.28305000572655e-14
893 3.39908666245705e-14
894 3.51908773415615e-14
895 3.64318400590464e-14
896 3.77151041709105e-14
897 3.90420619499511e-14
898 4.04141499353961e-14
899 4.18328502190596e-14
900 4.32996917561604e-14
901 4.48162518670383e-14
902 4.63841577970042e-14
903 4.80050881586424e-14
904 4.96807744012997e-14
905 5.14130024984420e-14
906 5.32036147003728e-14
907 5.50545111507738e-14
908 5.69676515331857e-14
909 5.89450569660195e-14
910 6.09888119710266e-14
911 6.31010662841658e-14
912 6.52840366994060e-14
913 6.75400091959120e-14
914 6.98713411477530e-14
915 7.22804633513824e-14
916 7.47698820893218e-14
917 7.73421815168125e-14
918 8.00000261411324e-14
919 8.27461630904151e-14
920 8.55834244222231e-14
921 8.85147298000289e-14
922 9.15430892737158e-14
923 9.46716058171459e-14
924 9.79034779093310e-14
925 1.01242002534522e-13
926 1.04690578299010e-13
927 1.08252708267814e-13
928 1.11932002849143e-13
929 1.15732183155645e-13
930 1.19657084496553e-13
931 1.23710659547122e-13
932 1.27896981570374e-13
933 1.32220248181228e-13
934 1.36684785257373e-13
935 1.41295050478710e-13
936 1.46055636923966e-13
937 1.50971277284051e-13
938 1.56046848239879e-13
939 1.61287374412993e-13
940 1.66698032378646e-13
941 1.72284155379848e-13
942 1.78051238225655e-13
943 1.84004941698539e-13
944 1.90151097029922e-13
945 1.96495711172007e-13
946 2.03044972275956e-13
947 2.09805254606387e-13
948 2.16783123530121e-13
949 2.23985341409191e-13
950 2.31418873724822e-13
951 2.39090894554684e-13
952 2.47008792130974e-13
953 2.55180175424854e-13
954 2.63612880989346e-13
955 2.72314979060797e-13
956 2.81294779748223e-13
957 2.90560840387059e-13
958 3.00121973182019e-13
959 3.09987252000630e-13
960 3.20166019262127e-13
961 3.30667894146844e-13
962 3.41502781128871e-13
963 3.52680877536472e-13
964 3.64212681215897e-13
965 3.76108999692013e-13
966 3.88380959690248e-13
967 4.01040015546442e-13
968 4.14097957728628e-13
969 4.27566923054743e-13
970 4.41459405314047e-13
971 4.55788264617394e-13
972 4.70566736868475e-13
973 4.85808445155761e-13
974 5.01527411595387e-13
975 5.17738067722041e-13
976 5.34455265010469e-13
977 5.51694287571267e-13
978 5.69470865350149e-13
979 5.87801185669883e-13
980 6.06701904912973e-13
981 6.26190162664628e-13
982 6.46283596417699e-13
983 6.67000354387184e-13
984 6.88359108476112e-13
985 7.10379070024174e-13
986 7.33080006183383e-13
987 7.56482254138819e-13
988 7.80606735491962e-13
989 8.05474973790123e-13
990 8.31109112755200e-13
991 8.57531932057747e-13
992 8.84766863265301e-13
993 9.12838009346040e-13
994 9.41770164952214e-13
995 9.71588833909187e-13
996 1.00232024689084e-12
997 1.03399138311114e-12
998 1.06662999288482e-12
999 1.10026461700900e-12
1000 1.13492460634376e-12
1001 1.17064014592743e-12
1002 1.20744228006027e-12
1003 1.24536293377378e-12
1004 1.28443493451189e-12
1005 1.32469203893020e-12
1006 1.36616896077394e-12
1007 1.40890139464916e-12
1008 1.45292604001890e-12
1009 1.49828063097363e-12
1010 1.54500396720262e-12
1011 1.59313594030203e-12
1012 1.64271756032143e-12
1013 1.69379098882186e-12
1014 1.74639957327075e-12
1015 1.80058787614471e-12
1016 1.85640170428425e-12
1017 1.91388814558848e-12
1018 1.97309560719740e-12
1019 2.03407384767214e-12
1020 2.09687400944041e-12
1021 2.16154865951243e-12
1022 2.22815183185166e-12
1023 2.29673906294224e-12
1024 2.36736742763469e-12
1025 2.44009558430681e-12
1026 2.51498382186460e-12
1027 2.59209409903628e-12
1028 2.67149008395725e-12
1029 2.75323720424233e-12
1030 2.83740269910362e-12
1031 2.92405566274272e-12
1032 3.01326708804576e-12
1033 3.10510992208064e-12
1034 3.19965912386761e-12
1035 3.29699171227644e-12
1036 3.39718681423721e-12
1037 3.50032572622784e-12
1038 3.60649197828701e-12
1039 3.71577138686135e-12
1040 3.82825210797572e-12
1041 3.94402470533262e-12
1042 4.06318222121646e-12
1043 4.18582023477750e-12
1044 4.31203692064635e-12
1045 4.44193312432920e-12
1046 4.57561244071721e-12
1047 4.71318127833907e-12
1048 4.85474892394955e-12
1049 5.00042762597242e-12
1050 5.15033268139960e-12
1051 5.30458250659381e-12
1052 5.46329870842974e-12
1053 5.62660617661067e-12
1054 5.79463317982027e-12
1055 5.96751144371043e-12
1056 6.14537622922618e-12
1057 6.32836643470407e-12
1058 6.51662470222474e-12
1059 6.71029750347882e-12
1060 6.90953522596490e-12
1061 7.11449228586687e-12
1062 7.32532724564827e-12
1063 7.54220290855329e-12
1064 7.76528641342918e-12
1065 7.99474935947698e-12
1066 8.23076793623194e-12
1067 8.47352302752478e-12
1068 8.72320031574746e-12
1069 8.97999041967949e-12
1070 9.24408903811002e-12
1071 9.51569706415913e-12
1072 9.79502069987985e-12
1073 1.00822716084790e-11
1074 1.03776670729586e-11
1075 1.06814301217787e-11
1076 1.09937896547680e-11
1077 1.13149806111853e-11
1078 1.16452441448933e-11
1079 1.19848277624311e-11
1080 1.23339854612924e-11
1081 1.26929779154142e-11
1082 1.30620726685415e-11
1083 1.34415442858739e-11
1084 1.38316745058628e-11
1085 1.42327524448678e-11
1086 1.46450748105306e-11
1087 1.50689460682627e-11
1088 1.55046786078156e-11
1089 1.59525929690115e-11
1090 1.64130180771193e-11
1091 1.68862914255638e-11
1092 1.73727592586312e-11
1093 1.78727768203623e-11
1094 1.83867086141178e-11
1095 1.89149286030073e-11
1096 1.94578204102118e-11
1097 2.00157775933292e-11
1098 2.05892039305210e-11
1099 2.11785136402929e-11
1100 2.17841316010449e-11
1101 2.24064936533736e-11
1102 2.30460469154230e-11
1103 2.37032500237903e-11
1104 2.43785733740503e-11
1105 2.50724994537586e-11
1106 2.57855231898785e-11
1107 2.65181522127364e-11
1108 2.72709071194194e-11
1109 2.80443218404825e-11
1110 2.88389440225929e-11
1111 2.96553353176277e-11
1112 3.04940716710047e-11
1113 3.13557437253775e-11
1114 3.22409572419375e-11
1115 3.31503334169254e-11
1116 3.40845091971269e-11
1117 3.50441377241510e-11
1118 3.60298887981530e-11
1119 3.70424492242217e-11
1120 3.80825231574646e-11
1121 3.91508325917975e-11
1122 4.02481178702044e-11
1123 4.13751380636740e-11
1124 4.25326713484987e-11
1125 4.37215155438716e-11
1126 4.49424886731842e-11
1127 4.61964293784103e-11
1128 4.74841973324612e-11
1129 4.88066738302870e-11
1130 5.01647624061318e-11
1131 5.15593892865049e-11
1132 5.29915038406720e-11
1133 5.44620792303923e-11
1134 5.59721130885062e-11
1135 5.75226280138975e-11
1136 5.91146720634550e-11
1137 6.07493194660467e-11
1138 6.24276713683173e-11
1139 6.41508563753265e-11
1140 6.59200310875842e-11
1141 6.77363808853858e-11
1142 6.96011207482356e-11
1143 7.15154958451480e-11
1144 7.34807821206588e-11
1145 7.54982871562043e-11
1146 7.75693510701754e-11
1147 7.96953471621999e-11
1148 8.18776825523476e-11
1149 8.41177991268427e-11
1150 8.64171745264029e-11
1151 8.87773228491714e-11
1152 9.11997953476678e-11
1153 9.36861814667977e-11
1154 9.62381099288255e-11
1155 9.88572495000014e-11
1156 1.01545309750182e-10
1157 1.04304042191821e-10
1158 1.07135241470682e-10
1159 1.10040746201622e-10
1160 1.13022439796193e-10
1161 1.16082251712079e-10
1162 1.19222158759501e-10
1163 1.22444186012035e-10
1164 1.25750407707939e-10
1165 1.29142948620363e-10
1166 1.32623985490277e-10
1167 1.36195748018704e-10
1168 1.39860519847941e-10
1169 1.43620640063812e-10
1170 1.47478504766933e-10
1171 1.51436568153229e-10
1172 1.55497343581727e-10
1173 1.59663405221108e-10
1174 1.63937389772207e-10
1175 1.68321997644217e-10
1176 1.72819994116248e-10
1177 1.77434211141548e-10
1178 1.82167549235272e-10
1179 1.87022978754381e-10
1180 1.92003541160695e-10
1181 1.97112350997362e-10
1182 2.02352597957189e-10
1183 2.07727548274849e-10
1184 2.13240546099785e-10
1185 2.18895015660769e-10
1186 2.24694463531472e-10
1187 2.30642480144267e-10
1188 2.36742741281956e-10
1189 2.42999010447692e-10
1190 2.49415141345939e-10
1191 2.55995079527875e-10
1192 2.62742864011600e-10
1193 2.69662629876227e-10
1194 2.76758610977980e-10
1195 2.84035141737981e-10
1196 2.91496658901330e-10
1197 2.99147704375812e-10
1198 3.06992928204649e-10
1199 3.15037090508276e-10
1200 3.23285063393446e-10
1201 3.31741834058818e-10
1202 3.40412508047782e-10
1203 3.49302311356682e-10
1204 3.58416592505959e-10
1205 3.67760825936836e-10
1206 3.77340615569669e-10
1207 3.87161697092049e-10
1208 3.97229940204875e-10
1209 4.07551352336451e-10
1210 4.18132082534076e-10
1211 4.28978423946467e-10
1212 4.40096816258567e-10
1213 4.51493849751698e-10
1214 4.63176269558539e-10
1215 4.75150978355333e-10
1216 4.87425039000300e-10
1217 5.00005678970976e-10
1218 5.12900295015308e-10
1219 5.26116456070321e-10
1220 5.39661906120056e-10
1221 5.53544569043897e-10
1222 5.67772553699411e-10
1223 5.82354157085362e-10
1224 5.97297867436211e-10
1225 6.12612369518199e-10
1226 6.28306550182652e-10
1227 6.44389501792484e-10
1228 6.60870525571579e-10
1229 6.77759137388553e-10
1230 6.95065073822551e-10
1231 7.12798295873841e-10
1232 7.30968992587661e-10
1233 7.49587587369002e-10
1234 7.68664744606595e-10
1235 7.88211373689674e-10
1236 8.08238632927214e-10
1237 8.28757936440843e-10
1238 8.49780961396652e-10
1239 8.71319652351722e-10
1240 8.93386225491226e-10
1241 9.15993176150593e-10
1242 9.39153286708960e-10
1243 9.62879631290850e-10
1244 9.87185580345115e-10
1245 1.01208480885179e-9
1246 1.03759130493573e-9
1247 1.06371937495054e-9
1248 1.09048364842497e-9
1249 1.11789908701472e-9
1250 1.14598099389969e-9
1251 1.17474501927922e-9
1252 1.20420716571334e-9
1253 1.23438379788478e-9
1254 1.26529165284884e-9
1255 1.29694784597083e-9
1256 1.32936987669158e-9
1257 1.36257563917043e-9
1258 1.39658343346240e-9
1259 1.43141197193121e-9
1260 1.46708038547007e-9
1261 1.50360823510260e-9
1262 1.54101552416834e-9
1263 1.57932270524686e-9
1264 1.61855068686703e-9
1265 1.65872084614935e-9
1266 1.69985504208756e-9
1267 1.74197562302177e-9
1268 1.78510543387189e-9
1269 1.82926782991136e-9
1270 1.87448669124049e-9
1271 1.92078643084893e-9
1272 1.96819200241105e-9
1273 2.01672891528910e-9
1274 2.06642325030144e-9
1275 2.11730166841767e-9
1276 2.16939141915624e-9
1277 2.22272035692299e-9
1278 2.27731695818640e-9
1279 2.33321033085137e-9
1280 2.39043022330194e-9
1281 2.44900704219019e-9
1282 2.50897187113969e-9
1283 2.57035648084731e-9
1284 2.63319333881646e-9
1285 2.69751562872080e-9
1286 2.76335727076756e-9
1287 2.83075293257949e-9
1288 2.89973803966723e-9
1289 2.97034879650267e-9
1290 3.04262220868437e-9
1291 3.11659609465551e-9
1292 3.19230909696703e-9
1293 3.26980070520625e-9
1294 3.34911128011885e-9
1295 3.43028206622223e-9
1296 3.51335520391384e-9
1297 3.59837375441329e-9
1298 3.68538172600774e-9
1299 3.77442408762385e-9
1300 3.86554678183933e-9
1301 3.95879675200953e-9
1302 4.05422197081697e-9
1303 4.15187145486905e-9
1304 4.25179527867442e-9
1305 4.35404460413890e-9
1306 4.45867171161489e-9
1307 4.56573001559632e-9
1308 4.67527407972488e-9
1309 4.78735964885539e-9
1310 4.90204368281711e-9
1311 5.01938437328134e-9
1312 5.13944115986678e-9
1313 5.26227476499101e-9
1314 5.38794723057228e-9
1315 5.51652193615074e-9
1316 5.64806361616585e-9
1317 5.78263839782782e-9
1318 5.92031384100805e-9
1319 6.06115895769929e-9
1320 6.20524423054215e-9
1321 6.35264165396988e-9
1322 6.50342477755546e-9
1323 6.65766872690102e-9
1324 6.81545022349529e-9
1325 6.97684762940541e-9
1326 7.14194099437023e-9
1327 7.31081207821517e-9
1328 7.48354437212679e-9
1329 7.66022314718724e-9
1330 7.84093550552721e-9
1331 8.02577040436803e-9
1332 8.21481867880385e-9
1333 8.40817309449873e-9
1334 8.60592840323793e-9
1335 8.80818136870446e-9
1336 9.01503079086502e-9
1337 9.22657756317513e-9
1338 9.44292473289449e-9
1339 9.66417752871193e-9
1340 9.89044338683618e-9
1341 1.01218320130817e-8
1342 1.03584554483441e-8
1343 1.06004280981935e-8
1344 1.08478667607760e-8
1345 1.11008906941839e-8
1346 1.13596216875180e-8
1347 1.16241840925762e-8
1348 1.18947048536777e-8
1349 1.21713135807528e-8
1350 1.24541426264529e-8
1351 1.27433271200693e-8
1352 1.30390049993971e-8
1353 1.33413170900137e-8
1354 1.36504071889361e-8
1355 1.39664221009105e-8
1356 1.42895116724388e-8
1357 1.46198288777535e-8
1358 1.49575299095605e-8
1359 1.53027742178480e-8
1360 1.56557245462046e-8
1361 1.60165470250388e-8
1362 1.63854112699872e-8
1363 1.67624904234001e-8
1364 1.71479611930863e-8
1365 1.75420039533680e-8
1366 1.79448028517810e-8
1367 1.83565458534027e-8
1368 1.87774247821644e-8
1369 1.92076354303785e-8
1370 1.96473776744092e-8
1371 2.00968555220141e-8
1372 2.05562771563729e-8
1373 2.10258550547751e-8
1374 2.15058061139892e-8
1375 2.19963517008022e-8
1376 2.24977176989178e-8
1377 2.30101346375458e-8
1378 2.35338378272585e-8
1379 2.40690674139189e-8
1380 2.46160684286082e-8
1381 2.51750909269169e-8
1382 2.57463901361394e-8
1383 2.63302265127892e-8
1384 2.69268657957234e-8
1385 2.75365791569991e-8
1386 2.81596433613205e-8
1387 2.87963408273519e-8
1388 2.94469596842130e-8
1389 3.01117939348295e-8
1390 3.07911436286204e-8
1391 3.14853149268301e-8
1392 3.21946201625720e-8
1393 3.29193780176763e-8
1394 3.36599137096843e-8
1395 3.44165590614257e-8
1396 3.51896525647989e-8
1397 3.59795395721964e-8
1398 3.67865724989518e-8
1399 3.76111108974037e-8
1400 3.84535215246050e-8
1401 3.93141785494881e-8
1402 4.01934637720030e-8
1403 4.10917667019186e-8
1404 4.20094846306561e-8
1405 4.29470228554502e-8
1406 4.39047949165123e-8
1407 4.48832226808254e-8
1408 4.58827364183095e-8
1409 4.69037750443278e-8
1410 4.79467863763106e-8
1411 4.90122272228151e-8
1412 5.01005634642321e-8
1413 5.12122703150914e-8
1414 5.23478326016934e-8
1415 5.35077448567158e-8
1416 5.46925114046738e-8
1417 5.59026466455922e-8
1418 5.71386753553127e-8
1419 5.84011327859345e-8
1420 5.96905647562501e-8
1421 6.10075279584706e-8
1422 6.23525902830004e-8
1423 6.37263309250149e-8
1424 6.51293404800950e-8
1425 6.65622212758192e-8
1426 6.80255877229388e-8
1427 6.95200664284048e-8
1428 7.10462962964243e-8
1429 7.26049288868754e-8
1430 7.41966287949641e-8
1431 7.58220737710163e-8
1432 7.74819548271890e-8
1433 7.91769766248101e-8
1434 8.09078578847528e-8
1435 8.26753315143250e-8
1436 8.44801447198660e-8
1437 8.63230594252705e-8
1438 8.82048527154921e-8
1439 9.01263169708689e-8
1440 9.20882599858333e-8
1441 9.40915054210569e-8
1442 9.61368932826759e-8
1443 9.82252800643951e-8
1444 1.00357538872544e-7
1445 1.02534559914464e-7
1446 1.04757251016233e-7
1447 1.07026537772913e-7
1448 1.09343363680179e-7
1449 1.11708690661752e-7
1450 1.14123499628641e-7
1451 1.16588790637881e-7
1452 1.19105583030958e-7
1453 1.21674916003325e-7
1454 1.24297849208380e-7
1455 1.26975462925059e-7
1456 1.29708858203282e-7
1457 1.32499157478803e-7
1458 1.35347505225386e-7
1459 1.38255068131636e-7
1460 1.41223035253668e-7
1461 1.44252618678786e-7
1462 1.47345054229600e-7
1463 1.50501601650455e-7
1464 1.53723544767524e-7
1465 1.57012192205085e-7
1466 1.60368878145578e-7
1467 1.63794962526010e-7
1468 1.67291831205663e-7
1469 1.70860896739003e-7
1470 1.74503599195988e-7
1471 1.78221406368824e-7
1472 1.82015813947458e-7
1473 1.85888346353459e-7
1474 1.89840557625204e-7
1475 1.93874031635372e-7
1476 1.97990382274347e-7
1477 2.02191254349754e-7
1478 2.06478324541501e-7
1479 2.10853301630356e-7
1480 2.15317926689407e-7
1481 2.19873974054255e-7
1482 2.24523252353258e-7
1483 2.29267604747543e-7
1484 2.34108909130639e-7
1485 2.39049079174684e-7
1486 2.44090065441629e-7
1487 2.49233855635033e-7
1488 2.54482474807917e-7
1489 2.59837986490785e-7
1490 2.65302493889944e-7
1491 2.70878140151410e-7
1492 2.76567108577018e-7
1493 2.82371623840458e-7
1494 2.88293953279332e-7
1495 2.94336407171487e-7
1496 3.00501338959363e-7
1497 3.06791146560702e-7
1498 3.13208273761455e-7
1499 3.19755210504834e-7
1500 3.26434493123822e-7
1501 3.33248705753712e-7
1502 3.40200481833502e-7
1503 3.47292504407909e-7
1504 3.54527506367930e-7
1505 3.61908271972889e-7
1506 3.69437638468497e-7
1507 3.77118496402064e-7
1508 3.84953789870926e-7
1509 3.92946518162218e-7
1510 4.01099737496407e-7
1511 4.09416561355888e-7
1512 4.17900160740997e-7
1513 4.26553765936356e-7
1514 4.35380668389328e-7
1515 4.44384221052099e-7
1516 4.53567838644964e-7
1517 4.62934999558709e-7
1518 4.72489247878101e-7
1519 4.82234193737557e-7
1520 4.92173513591250e-7
1521 5.02310952261692e-7
1522 5.12650325119128e-7
1523 5.23195518450809e-7
1524 5.33950489737356e-7
1525 5.44919269858463e-7
1526 5.56105965439848e-7
1527 5.67514759236048e-7
1528 5.79149910412400e-7
1529 5.91015756919555e-7
1530 6.03116718020460e-7
1531 6.15457294686546e-7
1532 6.28042069884542e-7
1533 6.40875711132303e-7
1534 6.53962973219247e-7
1535 6.67308698615701e-7
1536 6.80917817763571e-7
1537 6.94795351826953e-7
1538 7.08946415620393e-7
1539 7.23376218031004e-7
1540 7.38090062311927e-7
1541 7.53093349042117e-7
1542 7.68391579277804e-7
1543 7.83990354986935e-7
1544 7.99895379344134e-7
1545 8.16112459915078e-7
1546 8.32647512047689e-7
1547 8.49506559318288e-7
1548 8.66695733826545e-7
1549 8.84221279621001e-7
1550 9.02089556347693e-7
1551 9.20307039707218e-7
1552 9.38880321747987e-7
1553 9.57816114550624e-7
1554 9.77121254152944e-7
1555 9.96802701017015e-7
1556 1.01686754031876e-6
1557 1.03732298591019e-6
1558 1.05817638454107e-6
1559 1.07943521633483e-6
1560 1.10110709507230e-6
1561 1.12319977245207e-6
1562 1.14572114263067e-6
1563 1.16867924270593e-6
1564 1.19208225299228e-6
1565 1.21593850160115e-6
1566 1.24025646932278e-6
1567 1.26504479011560e-6
1568 1.29031225137018e-6
1569 1.31606779883287e-6
1570 1.34232054185446e-6
1571 1.36907975388344e-6
1572 1.39635487271555e-6
1573 1.42415550578560e-6
1574 1.45249143580962e-6
1575 1.48137262127999e-6
1576 1.51080919669678e-6
1577 1.54081147825468e-6
1578 1.57138996990711e-6
1579 1.60255536386072e-6
1580 1.63431854078466e-6
1581 1.66669057592095e-6
1582 1.69968274560134e-6
1583 1.73330652773843e-6
1584 1.76757360200806e-6
1585 1.80249585641392e-6
1586 1.83808539429004e-6
1587 1.87435453478498e-6
1588 1.91131581301251e-6
1589 1.94898198710326e-6
1590 1.98736604572767e-6
1591 2.02648120856985e-6
1592 2.06634092644079e-6
1593 2.10695888885197e-6
1594 2.14834903209655e-6
1595 2.19052553970864e-6
1596 2.23350284253266e-6
1597 2.27729562685654e-6
1598 2.32191884309138e-6
1599 2.36738770621120e-6
1600 2.41371769577169e-6
1601 2.46092456464308e-6
1602 2.50902434833109e-6
1603 2.55803336539216e-6
1604 2.60796821739360e-6
1605 2.65884579828916e-6
1606 2.71068330442729e-6
1607 2.76349823493581e-6
1608 2.81730839161499e-6
1609 2.87213188900163e-6
1610 2.92798716511398e-6
1611 2.98489298179901e-6
1612 3.04286842454904e-6
1613 3.10193291330353e-6
1614 3.16210621398300e-6
1615 3.22340843879170e-6
1616 3.28586004594737e-6
1617 3.34948185127297e-6
1618 3.41429504057612e-6
1619 3.48032116989882e-6
1620 3.54758216514871e-6
1621 3.61610033453696e-6
1622 3.68589838186344e-6
1623 3.75699940670409e-6
1624 3.82942690393114e-6
1625 3.90320477705723e-6
1626 3.97835735249037e-6
1627 4.05490937964885e-6
1628 4.13288603035666e-6
1629 4.21231291315762e-6
1630 4.29321608860903e-6
1631 4.37562206931295e-6
1632 4.45955781917114e-6
1633 4.54505076873803e-6
1634 4.63212883162642e-6
1635 4.72082040444246e-6
1636 4.81115436588350e-6
1637 4.90316009320306e-6
1638 4.99686747980693e-6
1639 5.09230693507814e-6
1640 5.18950938329937e-6
1641 5.28850628130789e-6
1642 5.38932963736610e-6
1643 5.49201201086123e-6
1644 5.59658651103201e-6
1645 5.70308681589719e-6
1646 5.81154719249020e-6
1647 5.92200249641654e-6
1648 6.03448817036280e-6
1649 6.14904026438803e-6
1650 6.26569545761798e-6
1651 6.38449105764187e-6
1652 6.50546499877968e-6
1653 6.62865586383139e-6
1654 6.75410290733315e-6
1655 6.88184605477330e-6
1656 7.01192590059109e-6
1657 7.14438373148589e-6
1658 7.27926155134450e-6
1659 7.41660208025359e-6
1660 7.55644875220166e-6
1661 7.69884574005655e-6
1662 7.84383798228027e-6
1663 7.99147118171373e-6
1664 8.14179180295032e-6
1665 8.29484709909764e-6
1666 8.45068514040434e-6
1667 8.60935481279043e-6
1668 8.77090581485797e-6
1669 8.93538868656091e-6
1670 9.10285483987696e-6
1671 9.27335655705373e-6
1672 9.44694698721944e-6
1673 9.62368017709310e-6
1674 9.80361110384278e-6
1675 9.98679567301579e-6
1676 0.0000101732907147088
1677 0.0000103631540164590
1678 0.0000105564443584404
1679 0.0000107532215110428
1680 0.0000109535462305570
1681 0.0000111574802943976
1682 0.0000113650865387987
1683 0.0000115764288560032
1684 0.0000117915721894152
1685 0.0000120105825713146
1686 0.0000122335271632248
1687 0.0000124604742526705
1688 0.0000126914932477448
1689 0.0000129266547174869
1690 0.0000131660304351055
1691 0.0000134096933742598
1692 0.0000136577177029841
1693 0.0000139101788269114
1694 0.0000141671534355489
1695 0.0000144287194980315
1696 0.0000146949562563434
1697 0.0000149659442715819
1698 0.0000152417654734935
1699 0.0000155225031556471
1700 0.0000158082419678845
1701 0.0000160990679658325
1702 0.0000163950686639229
1703 0.0000166963330299262
1704 0.0000170029514765581
1705 0.0000173150159144623
1706 0.0000176326198089515
1707 0.0000179558581738372
1708 0.0000182848275621150
1709 0.0000186196261226523
1710 0.0000189603536609052
1711 0.0000193071116319747
1712 0.0000196600031302847
1713 0.0000200191329502272
1714 0.0000203846076511251
1715 0.0000207565355494389
1716 0.0000211350267073457
1717 0.0000215201929976094
1718 0.0000219121481730782
1719 0.0000223110078579597
1720 0.0000227168895352001
1721 0.0000231299126158670
1722 0.0000235501985134869
1723 0.0000239778706343005
1724 0.0000244130543633346
1725 0.0000248558771386006
1726 0.0000253064685306007
1727 0.0000257649602314666
1728 0.0000262314860396063
1729 0.0000267061819390439
1730 0.0000271891861844432
1731 0.0000276806392890244
1732 0.0000281806840076598
1733 0.0000286894654217013
1734 0.0000292071310298918
1735 0.0000297338307349476
1736 0.0000302697168249667
1737 0.0000308149440641104
1738 0.0000313696697898008
1739 0.0000319340538978448
1740 0.0000325082588220072
1741 0.0000330924496309401
1742 0.0000336867941320871
1743 0.0000342914628552163
1744 0.0000349066290299987
1745 0.0000355324686896045
1746 0.0000361691607817613
1747 0.0000368168871505535
1748 0.0000374758325118350
1749 0.0000381461845639342
1750 0.0000388281341063480
1751 0.0000395218750196515
1752 0.0000402276042385567
1753 0.0000409455218702040
1754 0.0000416758313209993
1755 0.0000424187392744649
1756 0.0000431744556617471
1757 0.0000439431937879964
1758 0.0000447251704678902
1759 0.0000455206060012447
1760 0.0000463297241407548
1761 0.0000471527522269995
1762 0.0000479899213332287
1763 0.0000488414662385401
1764 0.0000497076253926171
1765 0.0000505886410599333
1766 0.0000514847594744173
1767 0.0000523962308099820
1768 0.0000533233091420113
1769 0.0000542662526013719
1770 0.0000552253235396093
1771 0.0000562007884966018
1772 0.0000571929181585273
1773 0.0000582019875223278
1774 0.0000592282760721336
1775 0.0000602720677437978
1776 0.0000613336508790486
1777 0.0000624133184010986
1778 0.0000635113680030381
1779 0.0000646281021089816
1780 0.0000657638278240963
1781 0.0000669188571220880
1782 0.0000680935070463505
1783 0.0000692880996674394
1784 0.0000705029620286407
1785 0.0000717384263461110
1786 0.0000729948302236232
1787 0.0000742725166060603
1788 0.0000755718337201589
1789 0.0000768931352881355
1790 0.0000782367807569217
1791 0.0000796031352473422
1792 0.0000809925694896470
1793 0.0000824054600515064
1794 0.0000838421895826810
1795 0.0000853031467595296
1796 0.0000867887262149117
1797 0.0000882993287814870
1798 0.0000898353617528308
1799 0.0000913972388228884
1800 0.0000929853800097949
1801 0.0000946002119154790
1802 0.0000962421680042980
1803 0.0000979116885370213
1804 0.0000996092204880865
1805 0.000101335217822570
1806 0.000103090141793478
1807 0.000104874460869817
1808 0.000106688650646768
1809 0.000108533194141149
1810 0.000110408582108574
1811 0.000112315312965140
1812 0.000114253892689950
1813 0.000116224835140273
1814 0.000118228662389866
1815 0.000120265904643745
1816 0.000122337100132478
1817 0.000124442795448310
1818 0.000126583545906010
1819 0.000128759915450187
1820 0.000130972476540704
1821 0.000133221810511115
1822 0.000135508507953509
1823 0.000137833168617767
1824 0.000140196401287406
1825 0.000142598824161779
1826 0.000145041065266451
1827 0.000147523762343762
1828 0.000150047562718372
1829 0.000152613123704738
1830 0.000155221113044676
1831 0.000157872208788550
1832 0.000160567099149707
1833 0.000163306482938878
1834 0.000166091070030660
1835 0.000168921581234594
1836 0.000171798748137654
1837 0.000174723313567284
1838 0.000177696032088662
1839 0.000180717669864878
1840 0.000183789004486568
1841 0.000186910825465419
1842 0.000190083934764186
1843 0.000193309146645124
1844 0.000196587287485795
1845 0.000199919196304980
1846 0.000203305725327551
1847 0.000206747739820251
1848 0.000210246117892617
1849 0.000213801751057382
1850 0.000217415544832418
1851 0.000221088418562886
1852 0.000224821305206169
1853 0.000228615151928951
1854 0.000232470920748592
1855 0.000236389588340609
1856 0.000240372145806423
1857 0.000244419599309437
1858 0.000248532970758357
1859 0.000252713297598892
1860 0.000256961632563017
1861 0.000261279044346540
1862 0.000265666618337028
1863 0.000270125456388518
1864 0.000274656676550936
1865 0.000279261413791782
1866 0.000283940820771468
1867 0.000288696067599778
1868 0.000293528341543970
1869 0.000298438847797357
1870 0.000303428810305069
1871 0.000308499471500885
1872 0.000313652091992443
1873 0.000318887951379678
1874 0.000324208349134202
1875 0.000329614604315017
1876 0.000335108055229172
1877 0.000340690060303200
1878 0.000346361999019468
1879 0.000352125271609229
1880 0.000357981298686917
1881 0.000363931522177905
1882 0.000369977406315431
1883 0.000376120437309290
1884 0.000382362122951849
1885 0.000388703993605668
1886 0.000395147603264802
1887 0.000401694529197323
1888 0.000408346371521019
1889 0.000415104754254626
1890 0.000421971326447520
1891 0.000428947761794170
1892 0.000436035758177319
1893 0.000443237038786796
1894 0.000450553353321887
1895 0.000457986477575666
1896 0.000465538212943299
1897 0.000473210387612663
1898 0.000481004857843950
1899 0.000488923507521644
1900 0.000496968247625471
1901 0.000505141017497305
1902 0.000513443786202786
1903 0.000521878552048618
1904 0.000530447342013497
1905 0.000539152213096026
1906 0.000547995253763466
1907 0.000556978583431850
1908 0.000566104351854016
1909 0.000575374740553573
1910 0.000584791964366210
1911 0.000594358270879911
1912 0.000604075939777071
1913 0.000613947284359861
1914 0.000623974653189786
1915 0.000634160429485173
1916 0.000644507030414124
1917 0.000655016908716894
1918 0.000665692554449821
1919 0.000676536494337018
1920 0.000687551291010671
1921 0.000698739544736455
1922 0.000710103895268274
1923 0.000721647021150865
1924 0.000733371638903779
1925 0.000745280504856177
1926 0.000757376417119183
1927 0.000769662214835951
1928 0.000782140777305375
1929 0.000794815025932974
1930 0.000807687926328125
1931 0.000820762487497868
1932 0.000834041760906118
1933 0.000847528842547794
1934 0.000861226875178610
1935 0.000875139047448607
1936 0.000889268592892425
1937 0.000903618792134235
1938 0.000918192975258167
1939 0.000932994520877386
1940 0.000948026855050639
1941 0.000963293453625955
1942 0.000978797844760362
1943 0.000994543607919991
1944 0.00101053437271777
1945 0.00102677382140440
1946 0.00104326569154649
1947 0.00106001377495286
1948 0.00107702191642791
1949 0.00109429401641899
1950 0.00111183403386246
1951 0.00112964598503109
1952 0.00114773394219749
1953 0.00116610203644709
1954 0.00118475446070261
1955 0.00120369546848703
1956 0.00122292937249080
1957 0.00124246054756066
1958 0.00126229343391328
1959 0.00128243253580796
1960 0.00130288242001106
1961 0.00132364771897143
1962 0.00134473313423456
1963 0.00136614343501880
1964 0.00138788345657021
1965 0.00140995810353564
1966 0.00143237235358968
1967 0.00145513125590788
1968 0.00147823992940431
1969 0.00150170356631450
1970 0.00152552743604798
1971 0.00154971688355132
1972 0.00157427732742071
1973 0.00159921426370728
1974 0.00162453327000881
1975 0.00165024000371522
1976 0.00167634019998765
1977 0.00170283967579955
1978 0.00172974433428204
1979 0.00175706016284384
1980 0.00178479323100780
1981 0.00181294969470207
1982 0.00184153580087433
1983 0.00187055788547751
1984 0.00190002237115448
1985 0.00192993577179415
1986 0.00196030469743065
1987 0.00199113585208602
1988 0.00202243603129268
1989 0.00205421212693044
1990 0.00208647113242778
1991 0.00211922014045172
1992 0.00215246634025740
1993 0.00218621702282278
1994 0.00222047958637008
1995 0.00225526153389255
1996 0.00229057047031976
1997 0.00232641410796771
1998 0.00236280027239955
1999 0.00239973689977839
2000 0.00243723203383607
2001 0.00247529383165751
2002 0.00251393056990085
2003 0.00255315064196489
2004 0.00259296255474815
2005 0.00263337493478750
2006 0.00267439653485914
2007 0.00271603623094813
2008 0.00275830301878423
2009 0.00280120602035568
2010 0.00284475449091369
2011 0.00288895781573091
2012 0.00293382550639953
2013 0.00297936720774231
2014 0.00302559270524456
2015 0.00307251192158774
2016 0.00312013491269399
2017 0.00316847187505821
2018 0.00321753315363272
2019 0.00326732923812110
2020 0.00331787075875277
2021 0.00336916849406092
2022 0.00342123337924658
2023 0.00347407650221698
2024 0.00352770909907272
2025 0.00358214256235770
2026 0.00363738844993091
2027 0.00369345848073276
2028 0.00375036452996592
2029 0.00380811863784523
2030 0.00386673301900723
2031 0.00392622005798631
2032 0.00398659230406976
2033 0.00404786248057706
2034 0.00411004349483842
2035 0.00417314843336223
2036 0.00423719055634323
2037 0.00430218330750203
2038 0.00436814032466629
2039 0.00443507543460946
2040 0.00450300264718949
2041 0.00457193616578165
2042 0.00464189039849771
2043 0.00471287995267433
2044 0.00478491962861899
2045 0.00485802443067077
2046 0.00493220957909456
2047 0.00500749050419676
2048 0.00508388283965332
2049 0.00516140243423491
2050 0.00524006536441578
2051 0.00531988792809280
2052 0.00540088663746874
2053 0.00548307823148077
2054 0.00556647968916561
2055 0.00565110822295623
2056 0.00573698127109234
2057 0.00582411651079312
2058 0.00591253187242241
2059 0.00600224553233632
2060 0.00609327590479089
2061 0.00618564165590210
2062 0.00627936171865774
2063 0.00637445528528734
2064 0.00647094179863486
2065 0.00656884096695195
2066 0.00666817277980562
2067 0.00676895749993964
2068 0.00687121565407902
2069 0.00697496804860464
2070 0.00708023578640818
2071 0.00718704025821323
2072 0.00729540313277562
2073 0.00740534637349011
2074 0.00751689225624768
2075 0.00763006336018199
2076 0.00774488255722752
2077 0.00786137302971227
2078 0.00797955828927527
2079 0.00809946216700180
2080 0.00822110880229940
2081 0.00834452266153352
2082 0.00846972855806579
2083 0.00859675164173991
2084 0.00872561738703302
2085 0.00885635161279382
2086 0.00898898050346638
2087 0.00912353059788598
2088 0.00926002877666031
2089 0.00939850228307371
2090 0.00953897874556456
2091 0.00968148616578746
2092 0.00982605290517680
2093 0.00997270770708397
2094 0.0101214797205797
2095 0.0102723984877371
2096 0.0104254939293273
2097 0.0105807963682590
2098 0.0107383365547828
2099 0.0108981456529461
2100 0.0110602552253663
2101 0.0112246972580490
2102 0.0113915041870725
2103 0.0115607088841636
2104 0.0117323446404924
2105 0.0119064451929465
2106 0.0120830447523806
2107 0.0122621779882591
2108 0.0124438800114115
2109 0.0126281864018461
2110 0.0128151332386535
2111 0.0130047570836582
2112 0.0131970949630711
2113 0.0133921843969298
2114 0.0135900634307507
2115 0.0137907706181274
2116 0.0139943450012137
2117 0.0142008261418828
2118 0.0144102541552257
2119 0.0146226696910338
2120 0.0148381139130396
2121 0.0150566285318919
2122 0.0152782558406068
2123 0.0155030386948635
2124 0.0157310204909292
2125 0.0159622452005518
2126 0.0161967574084740
2127 0.0164346022914706
2128 0.0166758255948757
2129 0.0169204736695037
2130 0.0171685935113405
2131 0.0174202327392466
2132 0.0176754395700023
2133 0.0179342628573703
2134 0.0181967521340874
2135 0.0184629575881515
2136 0.0187329300362961
2137 0.0190067209653136
2138 0.0192843825764784
2139 0.0195659677603306
2140 0.0198515300684855
2141 0.0201411237573451
2142 0.0204348038350876
2143 0.0207326260348585
2144 0.0210346467848135
2145 0.0213409232543529
2146 0.0216515134038210
2147 0.0219664759560083
2148 0.0222858703643220
2149 0.0226097568616841
2150 0.0229381965130931
2151 0.0232712511853340
2152 0.0236089835131659
2153 0.0239514569510319
2154 0.0242987358286425
2155 0.0246508853187865
2156 0.0250079714014165
2157 0.0253700609183281
2158 0.0257372216319325
2159 0.0261095221910555
2160 0.0264870320927951
2161 0.0268698217403347
2162 0.0272579625050841
2163 0.0276515266903441
2164 0.0280505874908047
2165 0.0284552190536676
2166 0.0288654965443406
2167 0.0292814961078418
2168 0.0297032948257988
2169 0.0301309707810625
2170 0.0305646031271529
2171 0.0310042720472696
2172 0.0314500587086413
2173 0.0319020453308267
2174 0.0323603152591191
2175 0.0328249529210188
2176 0.0332960437777795
2177 0.0337736743965987
2178 0.0342579325281995
2179 0.0347489070606153
2180 0.0352466879677681
2181 0.0357513663857623
2182 0.0362630346948746
2183 0.0367817864704931
2184 0.0373077164285510
2185 0.0378409205061513
2186 0.0383814959482086
2187 0.0389295412553720
2188 0.0394851561261322
2189 0.0400484415420154
2190 0.0406194998591307
2191 0.0411984347529013
2192 0.0417853511566504
2193 0.0423803553516139
2194 0.0429835550636635
2195 0.0435950594046598
2196 0.0442149788073096
2197 0.0448434251202626
2198 0.0454805117102954
2199 0.0461263534000851
2200 0.0467810663991240
2201 0.0474447684041782
2202 0.0481175787072291
2203 0.0487996181294613
2204 0.0494910089480039
2205 0.0501918750020444
2206 0.0509023418068421
2207 0.0516225364837102
2208 0.0523525876823411
2209 0.0530926256928839
2210 0.0538427825663630
2211 0.0546031920404181
2212 0.0553739894569600
2213 0.0561553118805378
2214 0.0569472982255083
2215 0.0577500891772899
2216 0.0585638271050799
2217 0.0593886561868513
2218 0.0602247225436411
2219 0.0610721741560600
2220 0.0619311607717835
2221 0.0628018340375401
2222 0.0636843476409069
2223 0.0645788572217959
2224 0.0654855202744227
2225 0.0664044962866657
2226 0.0673359468897711
2227 0.0682800357645303
2228 0.0692369285374099
2229 0.0702067929276771
2230 0.0711897989054448
2231 0.0721861185922358
2232 0.0731959261509357
2233 0.0742193979411080
2234 0.0752567126858301
2235 0.0763080513663176
2236 0.0773735971053517
2237 0.0784535353312263
2238 0.0795480539538441
2239 0.0806573432530648
2240 0.0817815957552366
2241 0.0829210064062344
2242 0.0840757727573197
2243 0.0852460948468539
2244 0.0864321750695367
2245 0.0876342183590306
2246 0.0888524323841071
2247 0.0900870274233433
2248 0.0913382162266591
2249 0.0926062142080403
2250 0.0938912396525206
2251 0.0951935135834657
2252 0.0965132596159732
2253 0.0978507041602327
2254 0.0992060766399264
2255 0.100579609351681
2256 0.101971537309866
2257 0.103382098461165
2258 0.104811533915004
2259 0.106260087794726
2260 0.107728007073303
2261 0.109215541799722
2262 0.110722945342076
2263 0.112250474229996
2264 0.113798387980772
2265 0.115366949338174
2266 0.116956424528886
2267 0.118567083095702
2268 0.120199197713518
2269 0.121853044441245
2270 0.123528902992309
2271 0.125227056558076
2272 0.126947791613152
2273 0.128691398181097
2274 0.130458170119714
2275 0.132248404934177
2276 0.134062403571035
2277 0.135900470698445
2278 0.137762915007059
2279 0.139650049012259
2280 0.141562188836239
2281 0.143499654503537
2282 0.145462770258329
2283 0.147451864355176
2284 0.149467268828512
2285 0.151509319804291
2286 0.153578357834552
2287 0.155674727676029
2288 0.157798778046366
2289 0.159950861952708
2290 0.162131337044459
2291 0.164340565379087
2292 0.166578913164312
2293 0.168846751104548
2294 0.171144454772812
2295 0.173472404363005
2296 0.175830984417301
2297 0.178220584191390
2298 0.180641598046526
2299 0.183094425187545
