3800 0.000147607092154748
3801 0.000150074333370378
3802 0.000152582148984564
3803 0.000155131195317400
3804 0.000157722139128620
3805 0.000160355657780854
3806 0.000163032439405374
3807 0.000165753183070398
3808 0.000168518598951977
3809 0.000171329408507505
3810 0.000174186344651893
3811 0.000177090151936443
3812 0.000180041586730476
3813 0.000183041417405739
3814 0.000186090424523637
3815 0.000189189401025344
3816 0.000192339152424825
3817 0.000195540497004811
3818 0.000198794266015779
3819 0.000202101303877987
3820 0.000205462468386586
3821 0.000208878630919890
3822 0.000212350676650818
3823 0.000215879504761581
3824 0.000219466028661647
3825 0.000223111176209043
3826 0.000226815889935035
3827 0.000230581127272246
3828 0.000234407860786259
3829 0.000238297078410756
3830 0.000242249783686248
3831 0.000246266996002449
3832 0.000250349750844355
3833 0.000254499100042068
3834 0.000258716112024441
3835 0.000263001872076582
3836 0.000267357482601294
3837 0.000271784063384489
3838 0.000276282751864660
3839 0.000280854703406442
3840 0.000285501091578356
3841 0.000290223108434769
3842 0.000295021964802156
3843 0.000299898890569710
3844 0.000304855134984383
3845 0.000309891966950403
3846 0.000315010675333359
3847 0.000320212569268899
3848 0.000325498978476122
3849 0.000330871253575736
3850 0.000336330766413045
3851 0.000341878910385841
3852 0.000347517100777277
3853 0.000353246775093794
3854 0.000359069393408166
3855 0.000364986438707766
3856 0.000370999417248098
3857 0.000377109858911701
3858 0.000383319317572485
3859 0.000389629371465598
3860 0.000396041623562886
3861 0.000402557701954051
3862 0.000409179260233573
3863 0.000415907977893495
3864 0.000422745560722146
3865 0.000429693741208909
3866 0.000436754278955097
3867 0.000443928961091059
3868 0.000451219602699576
3869 0.000458628047245674
3870 0.000466156167012916
3871 0.000473805863546297
3872 0.000481579068101824
3873 0.000489477742102885
3874 0.000497503877603504
3875 0.000505659497758596
3876 0.000513946657301310
3877 0.000522367443027572
3878 0.000530923974287940
3879 0.000539618403486872
3880 0.000548452916589519
3881 0.000557429733636152
3882 0.000566551109264345
3883 0.000575819333239017
3884 0.000585236730990457
3885 0.000594805664160446
3886 0.000604528531156602
3887 0.000614407767715057
3888 0.000624445847471608
3889 0.000634645282541449
3890 0.000645008624107618
3891 0.000655538463018294
3892 0.000666237430393063
3893 0.000677108198238294
3894 0.000688153480071756
3895 0.000699376031556611
3896 0.000710778651144929
3897 0.000722364180730854
3898 0.000734135506313567
3899 0.000746095558670203
3900 0.000758247314038848
3901 0.000770593794811775
3902 0.000783138070239077
3903 0.000795883257142836
3904 0.000808832520641990
3905 0.000821989074888058
3906 0.000835356183811877
3907 0.000848937161881516
3908 0.000862735374871534
3909 0.000876754240643742
3910 0.000890997229939646
3911 0.000905467867184733
3912 0.000920169731304785
3913 0.000935106456554390
3914 0.000950281733357830
3915 0.000965699309162535
3916 0.000981362989305271
3917 0.000997276637891268
3918 0.00101344417868647
3919 0.00102986959602308
3920 0.00104655693571866
3921 0.00106351030600886
3922 0.00108073387849414
3923 0.00109823188910055
3924 0.00111600863905484
3925 0.00113406849587408
3926 0.00115241589437008
3927 0.00117105533766869
3928 0.00118999139824432
3929 0.00120922871896986
3930 0.00122877201418218
3931 0.00124862607076353
3932 0.00126879574923897
3933 0.00128928598489019
3934 0.00131010178888582
3935 0.00133124824942852
3936 0.00135273053291923
3937 0.00137455388513855
3938 0.00139672363244580
3939 0.00141924518299577
3940 0.00144212402797365
3941 0.00146536574284816
3942 0.00148897598864332
3943 0.00151296051322913
3944 0.00153732515263128
3945 0.00156207583236037
3946 0.00158721856876077
3947 0.00161275947037948
3948 0.00163870473935527
3949 0.00166506067282839
3950 0.00169183366437110
3951 0.00171903020543948
3952 0.00174665688684657
3953 0.00177472040025745
3954 0.00180322753970633
3955 0.00183218520313612
3956 0.00186160039396071
3957 0.00189148022265037
3958 0.00192183190834059
3959 0.00195266278046462
3960 0.00198398028041016
3961 0.00201579196320052
3962 0.00204810549920052
3963 0.00208092867584765
3964 0.00211426939940868
3965 0.00214813569676227
3966 0.00218253571720773
3967 0.00221747773430059
3968 0.00225297014771510
3969 0.00228902148513421
3970 0.00232564040416743
3971 0.00236283569429682
3972 0.00240061627885175
3973 0.00243899121701264
3974 0.00247796970584421
3975 0.00251756108235862
3976 0.00255777482560898
3977 0.00259862055881362
3978 0.00264010805151158
3979 0.00268224722174975
3980 0.00272504813830225
3981 0.00276852102292221
3982 0.00281267625262684
3983 0.00285752436201584
3984 0.00290307604562400
3985 0.00294934216030818
3986 0.00299633372766943
3987 0.00304406193651050
3988 0.00309253814532951
3989 0.00314177388485006
3990 0.00319178086058848
3991 0.00324257095545870
3992 0.00329415623241516
3993 0.00334654893713462
3994 0.00339976150073700
3995 0.00345380654254622
3996 0.00350869687289133
3997 0.00356444549594868
3998 0.00362106561262558
3999 0.00367857062348623
4000 0.00373697413172027
4001 0.00379628994615484
4002 0.00385653208431059
4003 0.00391771477550234
4004 0.00397985246398494
4005 0.00404295981214523
4006 0.00410705170374035
4007 0.00417214324718352
4008 0.00423824977887762
4009 0.00430538686659739
4010 0.00437357031292105
4011 0.00444281615871176
4012 0.00451314068665000
4013 0.00458456042481731
4014 0.00465709215033220
4015 0.00473075289303913
4016 0.00480555993925104
4017 0.00488153083554648
4018 0.00495868339262191
4019 0.00503703568920008
4020 0.00511660607599522
4021 0.00519741317973593
4022 0.00527947590724647
4023 0.00536281344958745
4024 0.00544744528625663
4025 0.00553339118945072
4026 0.00562067122838912
4027 0.00570930577370038
4028 0.00579931550187237
4029 0.00589072139976699
4030 0.00598354476920041
4031 0.00607780723158967
4032 0.00617353073266678
4033 0.00627073754726098
4034 0.00636945028415052
4035 0.00646969189098450
4036 0.00657148565927622
4037 0.00667485522946873
4038 0.00677982459607367
4039 0.00688641811288466
4040 0.00699466049826596
4041 0.00710457684051774
4042 0.00721619260331889
4043 0.00732953363124864
4044 0.00744462615538783
4045 0.00756149679900132
4046 0.00768017258330238
4047 0.00780068093330036
4048 0.00792304968373291
4049 0.00804730708508372
4050 0.00817348180968722
4051 0.00830160295792131
4052 0.00843170006448953
4053 0.00856380310479372
4054 0.00869794250139869
4055 0.00883414913059000
4056 0.00897245432902635
4057 0.00911288990048771
4058 0.00925548812272083
4059 0.00940028175438312
4060 0.00954730404208677
4061 0.00969658872754405
4062 0.00984817005481558
4063 0.0100020827776628
4064 0.0101583621670064
4065 0.0103170440184915
4066 0.0104781646601625
4067 0.0106417609602471
4068 0.0108078703350535
4069 0.0109765307569794
4070 0.0111477807626380
4071 0.0113216594610989
4072 0.0114982065422485
4073 0.0116774622852696
4074 0.0118594675672435
4075 0.0120442638718746
4076 0.0122318932983411
4077 0.0124223985702713
4078 0.0126158230448502
4079 0.0128122107220551
4080 0.0130116062540245
4081 0.0132140549545609
4082 0.0134196028087697
4083 0.0136282964828357
4084 0.0138401833339404
4085 0.0140553114203205
4086 0.0142737295114706
4087 0.0144954870984916
4088 0.0147206344045877
4089 0.0149492223957122
4090 0.0151813027913672
4091 0.0154169280755560
4092 0.0156561515078928
4093 0.0158990271348712
4094 0.0161456098012929
4095 0.0163959551618602
4096 0.0166501196929336
4097 0.0169081607044572
4098 0.0171701363520545
4099 0.0174361056492960
4100 0.0177061284801426
4101 0.0179802656115658
4102 0.0182585787063475
4103 0.0185411303360630
4104 0.0188279839942484
4105 0.0191192041097552
4106 0.0194148560602956
4107 0.0197150061861803
4108 0.0200197218042520
4109 0.0203290712220165
4110 0.0206431237519758
4111 0.0209619497261640
4112 0.0212856205108904
4113 0.0216142085216922
4114 0.0219477872384990
4115 0.0222864312210136
4116 0.0226302161243103
4117 0.0229792187146558
4118 0.0233335168855535
4119 0.0236931896740160
4120 0.0240583172770690
4121 0.0244289810684882
4122 0.0248052636157743
4123 0.0251872486973686
4124 0.0255750213201123
4125 0.0259686677369536
4126 0.0263682754649051
4127 0.0267739333032562
4128 0.0271857313520429
4129 0.0276037610307791
4130 0.0280281150974536
4131 0.0284588876677947
4132 0.0288961742348088
4133 0.0293400716885939
4134 0.0297906783364346
4135 0.0302480939231799
4136 0.0307124196519096
4137 0.0311837582048933
4138 0.0316622137648440
4139 0.0321478920364730
4140 0.0326409002683489
4141 0.0331413472750650
4142 0.0336493434597191
4143 0.0341650008367115
4144 0.0346884330548636
4145 0.0352197554208628
4146 0.0357590849230384
4147 0.0363065402554716
4148 0.0368622418424461
4149 0.0374263118632432
4150 0.0379988742772852
4151 0.0385800548496338
4152 0.0391699811768472
4153 0.0397687827132005
4154 0.0403765907972761
4155 0.0409935386789272
4156 0.0416197615466213
4157 0.0422553965551672
4158 0.0429005828538328
4159 0.0435554616148574
4160 0.0442201760623647
4161 0.0448948715016820
4162 0.0455796953490714
4163 0.0462747971618780
4164 0.0469803286691011
4165 0.0476964438023955
4166 0.0484232987275062
4167 0.0491610518761456
4168 0.0499098639783162
4169 0.0506698980950876
4170 0.0514413196518323
4171 0.0522242964719276
4172 0.0530189988109292
4173 0.0538255993912239
4174 0.0546442734371673
4175 0.0554751987107130
4176 0.0563185555475418
4177 0.0571745268936945
4178 0.0580432983427188
4179 0.0589250581733351
4180 0.0598199973876285
4181 0.0607283097497758
4182 0.0616501918253126
4183 0.0625858430209496
4184 0.0635354656249455
4185 0.0644992648480427
4186 0.0654774488649751
4187 0.0664702288565560
4188 0.0674778190523519
4189 0.0685004367739528
4190 0.0695383024788459
4191 0.0705916398049006
4192 0.0716606756154743
4193 0.0727456400451468
4194 0.0738467665460917
4195 0.0749642919350940
4196 0.0760984564412230
4197 0.0772495037541686
4198 0.0784176810732504
4199 0.0796032391571096
