1 2.06536663544510e-76
2 1.73255490156612e-69
3 1.94440180506092e-65
4 1.45337273728268e-62
5 2.46210889273297e-60
6 1.63108225927467e-58
7 5.65264976101299e-57
8 1.21917741709517e-55
9 1.83052166845392e-54
10 2.06536638923421e-53
11 1.84939174878785e-52
12 1.36825129509743e-51
13 8.62371231403939e-51
14 4.74178573537819e-50
15 2.31790757782569e-49
16 1.02272014344639e-48
17 4.12403505987864e-48
18 1.53555268816442e-47
19 5.32512711187461e-47
20 1.73255531463942e-46
21 5.32158417303097e-46
22 1.55138205696240e-45
23 4.31258219393649e-45
24 1.14777237600650e-44
25 2.93506251899359e-44
26 7.23409334835370e-44
27 1.72331128779956e-43
28 3.97769912376514e-43
29 8.91561094497425e-43
30 1.94440157327017e-42
31 4.13348261343842e-42
32 8.57919837707552e-42
33 1.74107618129163e-41
34 3.45949093715434e-41
35 6.73848362089751e-41
36 1.28811526354632e-40
37 2.41900524799712e-40
38 4.46703985665612e-40
39 8.11863690541836e-40
40 1.45337273728272e-39
41 2.56463675216328e-39
42 4.46406782449768e-39
43 7.66958094471803e-39
44 1.30139390368556e-38
45 2.18215187603703e-38
46 3.61765571801310e-38
47 5.93263855108678e-38
48 9.62821253554712e-38
49 1.54705943111133e-37
50 2.46210859922672e-37
51 3.88249770135096e-37
52 6.06839878029342e-37
53 9.40463960977278e-37
54 1.44561811320144e-36
55 2.20464676474077e-36
56 3.33673586912102e-36
57 5.01324393975043e-36
58 7.47895563822876e-36
59 1.10813692051235e-35
60 1.63108264815501e-35
61 2.38552164932328e-35
62 3.46741611854679e-35
63 5.00990850444588e-35
64 7.19675321395227e-35
65 1.02802661824696e-34
66 1.46052038419162e-34
67 2.06403766980370e-34
68 2.90203202703226e-34
69 4.06000196694211e-34
70 5.65264908716462e-34
71 7.83319932026742e-34
72 1.08054940047070e-33
73 1.48396254580882e-33
74 2.02920843563854e-33
75 2.76316115596973e-33
76 3.74722552119446e-33
77 5.06155355054052e-33
78 6.81040543752508e-33
79 9.12893798233950e-33
80 1.21917741709517e-32
81 1.62238002741902e-32
82 2.15137298116541e-32
83 2.84310750438934e-32
84 3.74473239932600e-32
85 4.91623289570646e-32
86 6.43371003999283e-32
87 8.39343955553585e-32
88 1.09168833116082e-31
89 1.41568721454996e-31
90 1.83052145023873e-31
91 2.36020203456488e-31
92 3.03471029326823e-31
93 3.89139192859362e-31
94 4.97665732781165e-31
95 6.34804619774176e-31
96 8.07673007013908e-31
97 1.02505470913932e-30
98 1.29776735732365e-30
99 1.63910446286768e-30
100 2.06536688165596e-30
101 2.59650255341230e-30
102 3.25687473950366e-30
103 4.07617973224538e-30
104 5.09054185555611e-30
105 6.34382268551704e-30
106 7.88918256630172e-30
107 9.79093221332475e-30
108 1.21267265605829e-29
109 1.49901717790999e-29
110 1.84939152832318e-29
111 2.27732843648064e-29
112 2.79905692055955e-29
113 3.43400843141700e-29
114 4.20541332056980e-29
115 5.14099859468518e-29
116 6.27380420564031e-29
117 7.64314286018282e-29
118 9.29572512836838e-29
119 1.12869673575454e-28
120 1.36825129509747e-28
121 1.65600130349134e-28
122 2.00112036061648e-28
123 2.41443056387768e-28
124 2.90868015262032e-28
125 3.49886717676352e-28
126 4.20261535497542e-28
127 5.04060584861683e-28
128 6.03707415845857e-28
129 7.22038730414411e-28
130 8.62371128601277e-28
131 1.02857735113970e-27
132 1.22517359000338e-27
133 1.45742058478711e-27
134 1.73144008451790e-27
135 2.05434714293427e-27
136 2.43440090782198e-27
137 2.88117874082707e-27
138 3.40577609199044e-27
139 4.02103231074218e-27
140 4.74178686590807e-27
141 5.58517452036850e-27
142 6.57096306503905e-27
143 7.72193281512347e-27
144 9.06430534518375e-27
145 1.06282364666155e-26
146 1.24483785995097e-26
147 1.45645092680658e-26
148 1.70222381752821e-26
149 1.98738190145168e-26
150 2.31790730150958e-26
151 2.70064154791777e-26
152 3.14340059848969e-26
153 3.65510675393700e-26
154 4.24593835449390e-26
155 4.92749525718501e-26
156 5.71298351572780e-26
157 6.61742705089553e-26
158 7.65790730612190e-26
159 8.85382668595731e-26
160 1.02272014344639e-25
161 1.18029972449180e-25
162 1.36095084546674e-25
163 1.56787724924508e-25
164 1.80470289035342e-25
165 2.07552454625562e-25
166 2.38497115130730e-25
167 2.73826826624670e-25
168 3.14130921628462e-25
169 3.60073668272886e-25
170 4.12403456825535e-25
171 4.71962720723299e-25
172 5.39698843785850e-25
173 6.16676684757517e-25
174 7.04092658096449e-25
175 8.03289845096769e-25
176 9.15774546828231e-25
177 1.04323532273704e-24
178 1.18756436777843e-24
179 1.35088030366745e-24
180 1.53555305426874e-24
181 1.74423251863983e-24
182 1.97988073085652e-24
183 2.24580591230307e-24
184 2.54569950437929e-24
185 2.88367897033349e-24
186 3.26433575719440e-24
187 3.69278571686026e-24
188 4.17472374266546e-24
189 4.71648712240956e-24
190 5.32512647706999e-24
191 6.00847977600736e-24
192 6.77525224802093e-24
193 7.63510939915423e-24
194 8.59878110846908e-24
195 9.67816937615675e-24
196 1.08864642313189e-23
197 1.22382792538764e-23
198 1.37498031709430e-23
199 1.54389554646865e-23
200 1.73255531463947e-23
201 1.94315067456058e-23
202 2.17810394950723e-23
203 2.44009103335460e-23
204 2.73206520085482e-23
205 3.05728525181207e-23
206 3.41934698351717e-23
207 3.82221491211803e-23
208 4.27025601338528e-23
209 4.76827986515094e-23
210 5.32158353864870e-23
211 5.93599639972440e-23
212 6.61792757675052e-23
213 7.37442284403304e-23
214 8.21322825012215e-23
215 9.14285295572046e-23
216 1.01726355439921e-22
217 1.13128241281814e-22
218 1.25746659917360e-22
219 1.39704951324134e-22
220 1.55138242684073e-22
221 1.72194569811772e-22
222 1.91036132635605e-22
223 2.11840506982041e-22
224 2.34801912762612e-22
225 2.60132774834279e-22
226 2.88065471658437e-22
227 3.18854002136244e-22
228 3.52775722350655e-22
229 3.90133506202890e-22
230 4.31258167983663e-22
231 4.76510741056034e-22
232 5.26284841498694e-22
233 5.81009643258426e-22
234 6.41153216989296e-22
235 7.07225626836632e-22
236 7.79782127690834e-22
237 8.59427240981109e-22
238 9.46819333842768e-22
239 1.04267480348311e-21
240 1.14777237600650e-21
241 1.26295866310144e-21
242 1.38915441264766e-21
243 1.52736013046662e-21
244 1.67866182682713e-21
245 1.84423855675618e-21
246 2.02537091291583e-21
247 2.22344853743614e-21
248 2.43997775977127e-21
249 2.67659178212955e-21
250 2.93506216910687e-21
251 3.21730883133623e-21
252 3.52541011929009e-21
253 3.86161652297476e-21
254 4.22836615059481e-21
255 4.62829792660590e-21
256 5.06426485822389e-21
257 5.53935238549994e-21
258 6.05689914822544e-21
259 6.62051434467631e-21
260 7.23409507309606e-21
261 7.90185081050427e-21
262 8.62833116781193e-21
263 9.41844860583727e-21
264 1.02775009784914e-20
265 1.12112040636215e-20
266 1.22257285194893e-20
267 1.33277294603890e-20
268 1.45243756073879e-20
269 1.58233923601577e-20
270 1.72331108236485e-20
271 1.87625061294355e-20
272 2.04212349305627e-20
273 2.22196922210251e-20
274 2.41690761535531e-20
275 2.62814374535176e-20
276 2.85697273830323e-20
277 3.10478724443361e-20
278 3.37308597891181e-20
279 3.66348006219534e-20
280 3.97769912376525e-20
281 4.31760109136703e-20
282 4.68518340777848e-20
283 5.08259112847602e-20
284 5.51212464770180e-20
285 5.97625248402408e-20
286 6.47762596664745e-20
287 7.01908952890424e-20
288 7.60369043330512e-20
289 8.23469542076870e-20
290 8.91560988215061e-20
291 9.65019087909867e-20
292 1.04424593203635e-19
293 1.12967215783096e-19
294 1.22175944397662e-19
295 1.32100215019268e-19
296 1.42792883335081e-19
297 1.54310504563886e-19
298 1.66713657301909e-19
299 1.80067149013194e-19
300 1.94440203685165e-19
301 2.09906823080287e-19
302 2.26546205933538e-19
303 2.44443004213253e-19
304 2.63687554076954e-19
305 2.84376341023836e-19
306 3.06612541018232e-19
307 3.30506338596556e-19
308 3.56175209398916e-19
309 3.83744517467846e-19
310 4.13348212068890e-19
311 4.45129220666900e-19
312 4.79239792239037e-19
313 5.15842262457102e-19
314 5.55109948811316e-19
315 5.97227633529410e-19
316 6.42391978072082e-19
317 6.90812501048738e-19
318 7.42712725146083e-19
319 7.98330767722735e-19
320 8.57919837707552e-19
321 9.21749482251858e-19
322 9.90107053096995e-19
323 1.06329842512191e-18
324 1.14164858717909e-18
325 1.22550322800512e-18
326 1.31523060681580e-18
327 1.41122242246224e-18
328 1.51389451036423e-18
329 1.62368885564718e-18
330 1.74107597373917e-18
331 1.86655595613764e-18
332 2.00065928495682e-18
333 2.14394938243409e-18
334 2.29702563461149e-18
335 2.46052464223349e-18
336 2.63512116221989e-18
337 2.82153133041176e-18
338 3.02051649418961e-18
339 3.23288469855751e-18
340 3.45949176196130e-18
341 3.70124534204246e-18
342 3.95910978279851e-18
343 4.23410786901754e-18
344 4.52732203857286e-18
345 4.83989950053944e-18
346 5.17305835449370e-18
347 5.52808964687721e-18
348 5.90635871263454e-18
349 6.30931160729251e-18
350 6.73848281760767e-18
351 7.19549765086500e-18
352 7.68207368971967e-18
353 8.20002886097845e-18
354 8.75129113095918e-18
355 9.33790125878742e-18
356 9.96201433118993e-18
357 1.06259098636719e-17
358 1.13320039715069e-17
359 1.20828525111496e-17
360 1.28811526354635e-17
361 1.37297554201610e-17
362 1.46316811154897e-17
363 1.55901226853986e-17
364 1.66084472976706e-17
365 1.76902120805838e-17
366 1.88391831965869e-17
367 2.00593397791147e-17
368 2.13548752280322e-17
369 2.27302168340511e-17
370 2.41900495962923e-17
371 2.57393205304388e-17
372 2.73832395761589e-17
373 2.91273040053675e-17
374 3.09773281139540e-17
375 3.29394478317467e-17
376 3.50201209855144e-17
377 3.72261576099246e-17
378 3.95647568904547e-17
379 4.20435119714014e-17
380 4.46704092168148e-17
381 4.74538657807797e-17
382 5.04027755083738e-17
383 5.35265137677549e-17
384 5.68349352097663e-17
385 6.03384202783170e-17
386 6.40479321515110e-17
387 6.79750213174239e-17
388 7.21318211943158e-17
389 7.65311056240501e-17
390 8.11863593760142e-17
391 8.61117820980468e-17
392 9.13222809425584e-17
393 9.68335415067751e-17
394 1.02662115017022e-16
395 1.08825421122783e-16
396 1.15341736377806e-16
397 1.22230281672749e-16
398 1.29511329883757e-16
399 1.37206206741221e-16
400 1.45337273728272e-16
401 1.53928035690071e-16
402 1.63003273506736e-16
403 1.72589042069496e-16
404 1.82712645718761e-16
405 1.93402770449998e-16
406 2.04689647230357e-16
407 2.16605045764976e-16
408 2.29182240004130e-16
409 2.42456170397750e-16
410 2.56463644643475e-16
411 2.71243325433115e-16
412 2.86835682994024e-16
413 3.03283193957180e-16
414 3.20630587672977e-16
415 3.38924825714748e-16
416 3.58215037559319e-16
417 3.78552763903367e-16
418 3.99992258547643e-16
419 4.22590456725050e-16
420 4.46406888881445e-16
421 4.71503978086312e-16
422 4.97947409507029e-16
423 5.25806083651056e-16
424 5.55152002137516e-16
425 5.86060630763347e-16
426 6.18611350904155e-16
427 6.52887392946219e-16
428 6.88975686312582e-16
429 7.26967301911971e-16
430 7.66958003043273e-16
431 8.09048152916758e-16
432 8.53342519054166e-16
433 8.99950811990589e-16
434 9.48988356714310e-16
435 1.00057596630285e-15
436 1.05483968884938e-15
437 1.11191146254620e-15
438 1.17192993261229e-15
439 1.23504028153617e-15
440 1.30139390368559e-15
441 1.37114920055102e-15
442 1.44447257368502e-15
443 1.52153819945753e-15
444 1.60252761258839e-15
445 1.68763067072625e-15
446 1.77704675975309e-15
447 1.87098449747896e-15
448 1.96966120381575e-15
449 2.07330406934474e-15
450 2.18215161590425e-15
451 2.29645331085088e-15
452 2.41646889620871e-15
453 2.54246980195949e-15
454 2.67474091429811e-15
455 2.81358007736788e-15
456 2.95929724671657e-15
457 3.11221619721008e-15
458 3.27267666106811e-15
459 3.44103368767667e-15
460 3.61765658052949e-15
461 3.80293095877556e-15
462 3.99726133799784e-15
463 4.20107031374924e-15
464 4.41479723167468e-15
465 4.63890067171290e-15
466 4.87386156050513e-15
467 5.12018213587717e-15
468 5.37838428756866e-15
469 5.64901254852668e-15
470 5.93263784386116e-15
471 6.22985618233703e-15
472 6.54128659460454e-15
473 6.86757473099460e-15
474 7.20939736968482e-15
475 7.56746077268334e-15
476 7.94249813206689e-15
477 8.33527388999344e-15
478 8.74658915522200e-15
479 9.17727964637130e-15
480 9.62821253554712e-15
481 1.01002916319422e-14
482 1.05944638820034e-14
483 1.11117168033470e-14
484 1.16530745974804e-14
485 1.22196043627181e-14
486 1.28124238819532e-14
487 1.34326984361117e-14
488 1.40816360298170e-14
489 1.47604948256032e-14
490 1.54705924668748e-14
491 1.62133021345606e-14
492 1.69900466937951e-14
493 1.78023075837031e-14
494 1.86516359652766e-14
495 1.95396478517971e-14
496 2.04680169554394e-14
497 2.14384853060893e-14
498 2.24528765597144e-14
499 2.35130900090421e-14
500 2.46210918623919e-14
501 2.57789279068300e-14
502 2.69887393837089e-14
503 2.82527556436034e-14
504 2.95732835299586e-14
505 3.09527224709070e-14
506 3.23935833959417e-14
507 3.38984797434683e-14
508 3.54701145745416e-14
509 3.71112985401048e-14
510 3.88249723852117e-14
511 4.06141959783849e-14
512 4.24821327038158e-14
513 4.44320708167310e-14
514 4.64674501964715e-14
515 4.85918489962266e-14
516 5.08089647637961e-14
517 5.31226398094504e-14
518 5.55368929753521e-14
519 5.80559034121851e-14
520 6.06839878029359e-14
521 6.34256304660054e-14
522 6.62855210219518e-14
523 6.92685347406956e-14
524 7.23797051176198e-14
525 7.56242595376615e-14
526 7.90076639040668e-14
527 8.25355988843366e-14
528 8.62139269281808e-14
529 9.00487344972048e-14
530 9.40463848865238e-14
531 9.82134895470760e-14
532 1.02556868515874e-13
533 1.07083600369588e-13
534 1.11801084645525e-13
535 1.16717007319030e-13
536 1.21839293415143e-13
537 1.27176166003387e-13
538 1.32736219916166e-13
539 1.38528380273033e-13
540 1.44561845786368e-13
541 1.50846158398968e-13
542 1.57391290254926e-13
543 1.64207593919922e-13
544 1.71305734708398e-13
545 1.78696772803067e-13
546 1.86392265703137e-13
547 1.94404208635806e-13
548 2.02744953912460e-13
549 2.11427307612682e-13
550 2.20464650192640e-13
551 2.29870865284782e-13
552 2.39660243683131e-13
553 2.49847597121918e-13
554 2.60448400121665e-13
555 2.71478704986648e-13
556 2.82955027735598e-13
557 2.94894481869224e-13
558 3.07314944940923e-13
559 3.20234957326272e-13
560 3.33673586912102e-13
561 3.47650586115859e-13
562 3.62186587382491e-13
563 3.77302982828697e-13
564 3.93021763863252e-13
565 4.09365705420614e-13
566 4.26358595184719e-13
567 4.44025090600246e-13
568 4.62390529167098e-13
569 4.81481144403076e-13
570 5.01324334212518e-13
571 5.21948491400437e-13
572 5.43382779600792e-13
573 5.65657386037082e-13
574 5.88803835557928e-13
575 6.12854790053986e-13
576 6.37843783983468e-13
577 6.63805520082844e-13
578 6.90776236495283e-13
579 7.18793469535920e-13
580 7.47895742135085e-13
581 7.78122909483200e-13
582 8.09516587597433e-13
583 8.42119873350668e-13
584 8.75976977944780e-13
585 9.11133630297520e-13
586 9.47637577088586e-13
587 9.85538252827333e-13
588 1.02488634893368e-12
589 1.06573428434123e-12
590 1.10813678841214e-12
591 1.15215051234468e-12
592 1.19783352348772e-12
593 1.24524585387463e-12
594 1.29445017875814e-12
595 1.34551135987585e-12
596 1.39849585277939e-12
597 1.45347234522951e-12
598 1.51051254668212e-12
599 1.56969065218452e-12
600 1.63108264815505e-12
601 1.69476705511138e-12
602 1.76082584543906e-12
603 1.82934381442962e-12
604 1.90040776855616e-12
605 1.97410738884370e-12
606 2.05053629624432e-12
607 2.12979131519327e-12
608 2.21197152563037e-12
609 2.29717926509702e-12
610 2.38552136494694e-12
611 2.47710828914046e-12
612 2.57205302771099e-12
613 2.67047225952580e-12
614 2.77248778549544e-12
615 2.87822552189551e-12
616 2.98781421096551e-12
617 3.10138676896407e-12
618 3.21908194544240e-12
619 3.34104314874745e-12
620 3.46741694524326e-12
621 3.59835461986754e-12
622 3.73401409639090e-12
623 3.87455856876007e-12
624 4.02015475509473e-12
625 4.17097470374527e-12
626 4.32719801374348e-12
627 4.48901024046857e-12
628 4.65660086769816e-12
629 4.83016539609234e-12
630 5.00990790721824e-12
631 5.19603920970942e-12
632 5.38877448639144e-12
633 5.58833570581618e-12
634 5.79495458198495e-12
635 6.00887042119125e-12
636 6.23032739328777e-12
637 6.45957731555513e-12
638 6.69688306643431e-12
639 6.94251608551716e-12
640 7.19675321395227e-12
641 7.45987990559847e-12
642 7.73219415906431e-12
643 8.01400362005865e-12
644 8.30562192668010e-12
645 8.60737240808500e-12
646 8.91959261206666e-12
647 9.24263095012331e-12
648 9.57684247159946e-12
649 9.92259312294487e-12
650 1.02802649569664e-11
651 1.06502522494909e-11
652 1.10329566206412e-11
653 1.14287919358961e-11
654 1.18381902916237e-11
655 1.22615975277388e-11
656 1.26994676007975e-11
657 1.31522682155253e-11
658 1.36204877003039e-11
659 1.41046298271602e-11
660 1.46052073240684e-11
661 1.51227483445702e-11
662 1.56578043595479e-11
663 1.62109441790002e-11
664 1.67827464830635e-11
665 1.73738072489156e-11
666 1.79847487971323e-11
667 1.86162129035629e-11
668 1.92688522087586e-11
669 1.99433387318244e-11
670 2.06403742375124e-11
671 2.13606823074418e-11
672 2.21049984623671e-11
673 2.28740799204122e-11
674 2.36687174690114e-11
675 2.44897263399872e-11
676 2.53379348683243e-11
677 2.62141956685903e-11
678 2.71193992125124e-11
679 2.80544633441942e-11
680 2.90203202703235e-11
681 3.00179293431359e-11
682 3.10482925849748e-11
683 3.21124426521872e-11
684 3.32114279150819e-11
685 3.43463270762809e-11
686 3.55182669087956e-11
687 3.67284084412533e-11
688 3.79779298713486e-11
689 3.92680432713691e-11
690 4.06000148295216e-11
691 4.19751490181564e-11
692 4.33947690430900e-11
693 4.48602359082245e-11
694 4.63729715084217e-11
695 4.79344405024312e-11
696 4.95461279476772e-11
697 5.12095610544968e-11
698 5.29263355141152e-11
699 5.46980947460705e-11
700 5.65265043486127e-11
701 5.84132769051119e-11
702 6.03602019625297e-11
703 6.23691223088845e-11
704 6.44419048101720e-11
705 6.65804686590254e-11
706 6.87868195034059e-11
707 7.10630223522162e-11
708 7.34111682940765e-11
709 7.58334066627969e-11
710 7.83319838647730e-11
711 8.09092124364798e-11
712 8.35674331147368e-11
713 8.63090514378287e-11
714 8.91365818637675e-11
715 9.20526124849733e-11
716 9.50597618354235e-11
717 9.81607204837598e-11
718 1.01358301154997e-10
719 1.04655398525973e-10
720 1.08054940047070e-10
721 1.11559933204583e-10
722 1.15173522425851e-10
723 1.18898943272731e-10
724 1.22739466522210e-10
725 1.26698451836294e-10
726 1.30779412289594e-10
727 1.34985962255119e-10
728 1.39321753868822e-10
729 1.43790537895749e-10
730 1.48396236890670e-10
731 1.53142885954377e-10
732 1.58034560554723e-10
733 1.63075445550252e-10
734 1.68269918086460e-10
735 1.73622480250189e-10
736 1.79137677176873e-10
737 1.84820175276030e-10
738 1.90674856045639e-10
739 1.96706739623770e-10
740 2.02920891943956e-10
741 2.09322513274706e-10
742 2.15917044376883e-10
743 2.22710079788352e-10
744 2.29707262574490e-10
745 2.36914384538136e-10
746 2.44337506270554e-10
747 2.51982858791901e-10
748 2.59856724389999e-10
749 2.67965549970344e-10
750 2.76316082657525e-10
751 2.84915258380979e-10
752 2.93770067060054e-10
753 3.02887680653391e-10
754 3.12275606309717e-10
755 3.21941560258599e-10
756 3.31893315298842e-10
757 3.42138845451410e-10
758 3.52686498827882e-10
759 3.63544854887572e-10
760 3.74722552119457e-10
761 3.86228451355272e-10
762 3.98071830665709e-10
763 4.10262224006597e-10
764 4.22809226657305e-10
765 4.35722679369092e-10
766 4.49012888077785e-10
767 4.62690441641837e-10
768 4.76765992180127e-10
769 4.91250462714376e-10
770 5.06155294715632e-10
771 5.21492242219429e-10
772 5.37273124125494e-10
773 5.53510058197879e-10
774 5.70215739648491e-10
775 5.87403208873869e-10
776 6.05085572325224e-10
777 6.23276265884201e-10
778 6.41989368355646e-10
779 6.61239339625120e-10
780 6.81040706125236e-10
781 7.01408357281382e-10
782 7.22357898090150e-10
783 7.43905353917578e-10
784 7.66066816492993e-10
785 7.88858777391378e-10
786 8.12298524118524e-10
787 8.36403807729058e-10
788 8.61192444652953e-10
789 8.86682691381666e-10
790 9.12893689408529e-10
791 9.39845091231595e-10
792 9.67556612512783e-10
793 9.96048453074934e-10
794 1.02534179645199e-9
795 1.05545838903872e-9
796 1.08642003697620e-9
797 1.11824907892852e-9
798 1.15096894631286e-9
799 1.18460369032721e-9
800 1.21917741709517e-9
801 1.25471481794728e-9
802 1.29124179768598e-9
803 1.32878494337525e-9
804 1.36737089017136e-9
805 1.40702691613650e-9
806 1.44778164642747e-9
807 1.48966445662794e-9
808 1.53270476157761e-9
809 1.57693268222067e-9
810 1.62237983401625e-9
811 1.66907865758101e-9
812 1.71706162165307e-9
813 1.76636196980489e-9
814 1.81701460313940e-9
815 1.86905532985339e-9
816 1.92251997195656e-9
817 1.97744520147307e-9
818 2.03386952819176e-9
819 2.09183245824487e-9
820 2.15137349409273e-9
821 2.21253307046075e-9
822 2.27535365843150e-9
823 2.33987882316360e-9
824 2.40615210504920e-9
825 2.47421806604340e-9
826 2.54412352381155e-9
827 2.61591649713010e-9
828 2.68964495405945e-9
829 2.76535798178823e-9
830 2.84310716546452e-9
831 2.92294540775607e-9
832 3.00492552979040e-9
833 3.08910157844401e-9
834 3.17553036514914e-9
835 3.26427014618718e-9
836 3.35537905997539e-9
837 3.44891658624405e-9
838 3.54494526341695e-9
839 3.64352921406752e-9
840 3.74473239932611e-9
841 3.84862024775638e-9
842 3.95526157110269e-9
843 4.06472691652534e-9
844 4.17708661886482e-9
845 4.29241261807545e-9
846 4.41078059395783e-9
847 4.53226812700991e-9
848 4.65695252634679e-9
849 4.78491285517725e-9
850 4.91623230964583e-9
851 5.05099616722681e-9
852 5.18928936430817e-9
853 5.33119875378727e-9
854 5.47681575468041e-9
855 5.62623406318782e-9
856 5.77954695400738e-9
857 5.93684979546580e-9
858 6.09824299758987e-9
859 6.26382946136774e-9
860 6.43371157390892e-9
861 6.60799400729374e-9
862 6.78678699889459e-9
863 6.97020351045004e-9
864 7.15835588207793e-9
865 7.35135894724747e-9
866 7.54933368111994e-9
867 7.75240403591541e-9
868 7.96069321901734e-9
869 8.17432715818823e-9
870 8.39343855495989e-9
871 8.61816336347053e-9
872 8.84863665259967e-9
873 9.08499645645671e-9
874 9.32738827809532e-9
875 9.57596117373429e-9
876 9.83086315201092e-9
877 1.00922454531881e-8
878 1.03602675509763e-8
879 1.06350927971692e-8
880 1.09168833116082e-8
881 1.12058047357206e-8
882 1.15020317817867e-8
883 1.18057433941354e-8
884 1.21171170763401e-8
885 1.24363341657762e-8
886 1.27635859907368e-8
887 1.30990684973142e-8
888 1.34429759511802e-8
889 1.37955067911728e-8
890 1.41568704578689e-8
891 1.45272814260425e-8
892 1.49069522193326e-8
893 1.52960999036069e-8
894 1.56949536524435e-8
895 1.61037481268340e-8
896 1.65227157316184e-8
897 1.69520938105972e-8
898 1.73921330292338e-8
899 1.78430900338866e-8
900 1.83052188666908e-8
901 1.87787789395891e-8
902 1.92640443185769e-8
903 1.97612955824648e-8
904 2.02708103144882e-8
905 2.07928719358424e-8
906 2.13277799780060e-8
907 2.18758410637132e-8
908 2.24373583810906e-8
909 2.30126414586574e-8
910 2.36020175320688e-8
911 2.42058215575580e-8
912 2.48243845581846e-8
913 2.54580444425614e-8
914 2.61071585774298e-8
915 2.67720927274593e-8
916 2.74532081658029e-8
917 2.81508736430721e-8
918 2.88654792796803e-8
919 2.95974243299574e-8
920 3.03471029326832e-8
921 3.11149173382830e-8
922 3.19012932613014e-8
923 3.27066663502858e-8
924 3.35314664325425e-8
925 3.43761321345983e-8
926 3.52411278414091e-8
927 3.61269287318563e-8
928 3.70340033760041e-8
929 3.79628298890938e-8
930 3.89139146470356e-8
931 3.98877757532714e-8
932 4.08849238250695e-8
933 4.19058798228122e-8
934 4.29511957062942e-8
935 4.40214361770184e-8
936 4.51171574617740e-8
937 4.62389269948871e-8
938 4.73873462076588e-8
939 4.85630303615391e-8
940 4.97665851433928e-8
941 5.09986283848025e-8
942 5.22598151801457e-8
943 5.35508156347792e-8
944 5.48722890577924e-8
945 5.62249079037852e-8
946 5.76093854614444e-8
947 5.90264513122366e-8
948 6.04768228693126e-8
949 6.19612317747493e-8
950 6.34804544099569e-8
951 6.50352848228493e-8
952 6.66265033706433e-8
953 6.82549058132843e-8
954 6.99213369005162e-8
955 7.16266605378075e-8
956 7.33717252533879e-8
957 7.51573962296160e-8
958 7.69845922825078e-8
959 7.88542529993085e-8
960 8.07673007013908e-8
961 8.27246757180025e-8
962 8.47273770857516e-8
963 8.67764263413313e-8
964 8.88728256652136e-8
965 9.10175967115668e-8
966 9.32118253585745e-8
967 9.54566218574616e-8
968 9.77530747930238e-8
969 1.00102293783783e-7
970 1.02505458694328e-7
971 1.04963775792732e-7
972 1.07478427100393e-7
973 1.10050617359005e-7
974 1.12681628130055e-7
975 1.15372769548377e-7
976 1.18125324652811e-7
977 1.20940601027606e-7
978 1.23819990217519e-7
979 1.26764914689780e-7
980 1.29776766673552e-7
981 1.32856964882535e-7
982 1.36007019779090e-7
983 1.39228475293230e-7
984 1.42522841615947e-7
985 1.45891657517867e-7
986 1.49336562012805e-7
987 1.52859230298223e-7
988 1.56461299974681e-7
989 1.60144439488428e-7
990 1.63910426747120e-7
991 1.67761078780685e-7
992 1.71698170776534e-7
993 1.75723511171134e-7
994 1.79839027908058e-7
995 1.84046691235143e-7
996 1.88348424837589e-7
997 1.92746188244942e-7
998 1.97242071441480e-7
999 2.01838210106529e-7
1000 2.06536688165602e-7
1001 2.11339628194194e-7
1002 2.16249295091730e-7
1003 2.21268003119167e-7
1004 2.26398009081578e-7
1005 2.31641611404488e-7
1006 2.37001263761221e-7
1007 2.42479473154742e-7
1008 2.48078682805679e-7
1009 2.53801380761036e-7
1010 2.59650224388507e-7
1011 2.65627928607759e-7
1012 2.71737137611034e-7
1013 2.77980543881301e-7
1014 2.84361024465416e-7
1015 2.90881518525434e-7
1016 2.97544886880925e-7
1017 3.04354042303371e-7
1018 3.11312098712613e-7
1019 3.18422237079702e-7
1020 3.25687551600315e-7
1021 3.33111192371671e-7
1022 3.40696528683651e-7
1023 3.48447002122206e-7
1024 3.56365958256291e-7
1025 3.64456802822598e-7
1026 3.72723180277725e-7
1027 3.81168813039518e-7
1028 3.89797317392628e-7
1029 3.98612374289960e-7
1030 4.07617924632689e-7
1031 4.16817993408561e-7
1032 4.26216488289310e-7
1033 4.35817386467732e-7
1034 4.45624948164034e-7
1035 4.55643524183992e-7
1036 4.65877335781975e-7
1037 4.76330678973546e-7
1038 4.87008157754780e-7
1039 4.97914473723916e-7
1040 5.09054185555611e-7
1041 5.20431932203177e-7
1042 5.32052687706546e-7
1043 5.43921531290807e-7
1044 5.56043384499963e-7
1045 5.68423255103939e-7
1046 5.81066515405542e-7
1047 5.93978650926915e-7
1048 6.07164973387324e-7
1049 6.20630887151736e-7
1050 6.34382192927444e-7
1051 6.48424813310878e-7
1052 6.62764479502303e-7
1053 6.77407022094642e-7
1054 6.92358702550338e-7
1055 7.07625913587141e-7
1056 7.23214837141153e-7
1057 7.39131761810864e-7
1058 7.55383444544393e-7
1059 7.71976783453855e-7
1060 7.88918444722953e-7
1061 8.06215209043447e-7
1062 8.23874365909029e-7
1063 8.41903356665762e-7
1064 8.60309367687235e-7
1065 8.79099708084230e-7
1066 8.98282239645532e-7
1067 9.17864987554550e-7
1068 9.37855696668312e-7
1069 9.58262243445542e-7
1070 9.79093104615468e-7
1071 1.00035693249525e-6
1072 1.02206207145661e-6
1073 1.04421700703737e-6
1074 1.06683087636918e-6
1075 1.08991300531870e-6
1076 1.11347238175096e-6
1077 1.13751814470950e-6
1078 1.16206014045703e-6
1079 1.18710841818438e-6
1080 1.21267265605832e-6
1081 1.23876269420632e-6
1082 1.26538914026869e-6
1083 1.29256281978492e-6
1084 1.32029415134539e-6
1085 1.34859372713344e-6
1086 1.37747297180982e-6
1087 1.40694354407119e-6
1088 1.43701665662074e-6
1089 1.46770370790635e-6
1090 1.49901699921322e-6
1091 1.53096908327710e-6
1092 1.56357202400001e-6
1093 1.59683808411257e-6
1094 1.63078050539178e-6
1095 1.66541279940765e-6
1096 1.70074794234974e-6
1097 1.73679912334957e-6
1098 1.77358059263090e-6
1099 1.81110688997377e-6
1100 1.84939196925250e-6
1101 1.88845001199680e-6
1102 1.92829634962398e-6
1103 1.96894662443100e-6
1104 2.01041583744226e-6
1105 2.05271923317638e-6
1106 2.09587330215010e-6
1107 2.13989486818456e-6
1108 2.18480005374463e-6
1109 2.23060524187445e-6
1110 2.27732816500193e-6
1111 2.32498691301482e-6
1112 2.37359880930312e-6
1113 2.42318145560832e-6
1114 2.47375391486955e-6
1115 2.52533563354064e-6
1116 2.57794522028091e-6
1117 2.63160158123173e-6
1118 2.68632520467187e-6
1119 2.74213698975484e-6
1120 2.79905692055955e-6
1121 2.85710529928159e-6
1122 2.91630414024560e-6
1123 2.97667589811329e-6
1124 3.03824202878268e-6
1125 3.10102432768677e-6
1126 3.16504644287769e-6
1127 3.23033249451831e-6
1128 3.29690551251748e-6
1129 3.36478888937164e-6
1130 3.43400802205130e-6
1131 3.50458881295044e-6
1132 3.57655597515253e-6
1133 3.64993460919655e-6
1134 3.72475198318486e-6
1135 3.80103590650849e-6
1136 3.87881289209536e-6
1137 3.95810986608080e-6
1138 4.03895609830765e-6
1139 4.12138143857749e-6
1140 4.20541432321853e-6
1141 4.29108362948496e-6
1142 4.37842076860115e-6
1143 4.46745777223240e-6
1144 4.55822513202157e-6
1145 4.65075381044019e-6
1146 4.74507750811237e-6
1147 4.84123058967572e-6
1148 4.93924574299966e-6
1149 5.03915615767715e-6
1150 5.14099798183039e-6
1151 5.24480807457032e-6
1152 5.35062146907399e-6
1153 5.45847373349552e-6
1154 5.56840363240559e-6
1155 5.68045069046061e-6
1156 5.79465244522678e-6
1157 5.91104700512971e-6
1158 6.02967593010331e-6
1159 6.15058159300498e-6
1160 6.27380420564049e-6
1161 6.39938458765538e-6
1162 6.52736728535114e-6
1163 6.65779771490731e-6
1164 6.79071894188580e-6
1165 6.92617467949898e-6
1166 7.06421266442853e-6
1167 7.20488156266951e-6
1168 7.34822748500340e-6
1169 7.49429723282673e-6
1170 7.64314194904919e-6
1171 7.79481376984450e-6
1172 7.94936205554120e-6
1173 8.10683690125419e-6
1174 8.26729308643514e-6
1175 8.43078645273008e-6
1176 8.59736982575613e-6
1177 8.76709681347292e-6
1178 8.94002607776481e-6
1179 9.11621741452406e-6
1180 9.29572734464209e-6
1181 9.47861322269528e-6
1182 9.66493785290821e-6
1183 9.85476525077674e-6
1184 0.0000100481558777973
1185 0.0000102451710817946
1186 0.0000104458780865337
1187 0.0000106503454103214
1188 0.0000108586377140325
1189 0.0000110708206015648
1190 0.0000112869660120340
1191 0.0000115071472657144
1192 0.0000117314334985923
1193 0.0000119598948509019
1194 0.0000121926082894987
1195 0.0000124296522555722
1196 0.0000126711006542233
1197 0.0000129170284574131
1198 0.0000131675179927497
1199 0.0000134226531625972
1200 0.0000136825129509747
1201 0.0000139471774762052
1202 0.0000142167347818767
1203 0.0000144912745906131
1204 0.0000147708812953087
1205 0.0000150556404960327
1206 0.0000153456463271310
1207 0.0000156409947141606
1208 0.0000159417758105728
1209 0.0000162480810513017
1210 0.0000165600110608060
1211 0.0000168776683756472
1212 0.0000172011492800383
1213 0.0000175305514197514
1214 0.0000178659823351695
1215 0.0000182075516041114
1216 0.0000185553620356751
1217 0.0000189095178870713
1218 0.0000192701340634477
1219 0.0000196373276421963
1220 0.0000200112083772078
1221 0.0000203918875584993
1222 0.0000207794879340417
1223 0.0000211741345693482
1224 0.0000215759446046812
1225 0.0000219850368113062
1226 0.0000224015422895639
1227 0.0000228255946077074
1228 0.0000232573187622852
1229 0.0000236968414834669
1230 0.0000241443027605513
1231 0.0000245998452124967
1232 0.0000250636021926189
1233 0.0000255357088918799
1234 0.0000260163147598393
1235 0.0000265055720500486
1236 0.0000270036229983579
1237 0.0000275106117904657
1238 0.0000280266979448849
1239 0.0000285520439642378
1240 0.0000290868015262040
1241 0.0000296311243797326
1242 0.0000301851827527032
1243 0.0000307491500508426
1244 0.0000313231879891261
1245 0.0000319074604765123
1246 0.0000325021491318107
1247 0.0000331074389605205
1248 0.0000337235023398257
1249 0.0000343505139733145
1250 0.0000349886675966605
1251 0.0000356381605476098
1252 0.0000362991765300692
1253 0.0000369719017177661
1254 0.0000376565427262663
1255 0.0000383533100049047
1256 0.0000390623992915808
1257 0.0000397840089384725
1258 0.0000405183592528179
1259 0.0000412656746253971
1260 0.0000420261635695706
1261 0.0000428000373689769
1262 0.0000435875308868429
1263 0.0000443888833270931
1264 0.0000452043167667391
1265 0.0000460340562221379
1266 0.0000468783520201596
1267 0.0000477374591050065
1268 0.0000486116139559855
1269 0.0000495010561614858
1270 0.0000504060524772979
1271 0.0000513268745748260
1272 0.0000522637742139544
1273 0.0000532170064470588
1274 0.0000541868554863069
1275 0.0000551736107660043
1276 0.0000561775402599223
1277 0.0000571989154332922
1278 0.0000582380390325819
1279 0.0000592952193561972
1280 0.0000603707415845858
1281 0.0000614648945886826
1282 0.0000625780007952627
1283 0.0000637103885386839
1284 0.0000648623612446694
1285 0.0000660342262446873
1286 0.0000672263268652494
1287 0.0000684390127052803
1288 0.0000696726065391261
1289 0.0000709274352805886
1290 0.0000722038644340687
1291 0.0000735022661689379
1292 0.0000748229837815096
1293 0.0000761663649405055
1294 0.0000775327986866210
1295 0.0000789226811489619
1296 0.0000803363773719990
1297 0.0000817742570247488
1298 0.0000832367341292872
1299 0.0000847242302296339
1300 0.0000862371334206588
1301 0.0000877758366958520
1302 0.0000893407805718452
1303 0.0000909324135538109
1304 0.0000925511481715667
1305 0.0000941974021256479
1306 0.0000958716440350019
1307 0.0000975743510104971
1308 0.0000993059614622190
1309 0.000101066919265808
1310 0.000102857722852372
1311 0.000104678879659390
1312 0.000106530855511790
1313 0.000108414122020863
1314 0.000110329209218633
1315 0.000112276656697241
1316 0.000114256959327648
1317 0.000116270618084443
1318 0.000118318196500525
1319 0.000120400268266509
1320 0.000122517359000342
1321 0.000124670000767688
1322 0.000126858792622500
1323 0.000129084344385973
1324 0.000131347214228549
1325 0.000133647967143315
1326 0.000135987239816570
1327 0.000138365680358135
1328 0.000140783881409799
1329 0.000143242442805163
1330 0.000145742041104904
1331 0.000148283365001624
1332 0.000150867043607114
1333 0.000153493713625904
1334 0.000156164093876318
1335 0.000158878916029799
1336 0.000161638847789214
1337 0.000164444564887531
1338 0.000167296830889154
1339 0.000170196422988245
1340 0.000173144049732541
1341 0.000176140428128707
1342 0.000179186369128982
1343 0.000182282698154038
1344 0.000185430166941400
1345 0.000188629536153766
1346 0.000191881666938929
1347 0.000195187435765142
1348 0.000198547640047726
1349 0.000201963086636599
1350 0.000205434689803701
1351 0.000208963380059329
1352 0.000212550003139910
1353 0.000216195414713587
1354 0.000219900585284906
1355 0.000223666502588219
1356 0.000227494063428077
1357 0.000231384175082082
1358 0.000235337867590351
1359 0.000239356189228120
1360 0.000243440090782198
1361 0.000247590534104739
1362 0.000251808612213335
1363 0.000256095437443952
1364 0.000260452017661249
1365 0.000264879372370543
1366 0.000269378661219236
1367 0.000273951064343724
1368 0.000278597649899887
1369 0.000283319498311571
1370 0.000288117839736380
1371 0.000292993926005346
1372 0.000297948888973796
1373 0.000302983873452669
1374 0.000308100184149157
1375 0.000313299148720712
1376 0.000318581966342234
1377 0.000323949849808676
1378 0.000329404182662510
1379 0.000334946372776696
1380 0.000340577690399078
1381 0.000346299420123387
1382 0.000352113028879750
1383 0.000358020009322545
1384 0.000364021706753027
1385 0.000370119481615259
1386 0.000376314888961384
1387 0.000382609511070660
1388 0.000389004772525267
1389 0.000395502113816297
1390 0.000402103183139778
1391 0.000408809657544301
1392 0.000415623045270909
1393 0.000422544871307766
1394 0.000429576882328679
1395 0.000436720855497758
1396 0.000443978387357068
1397 0.000451351092118074
1398 0.000458840820473550
1399 0.000466449455373417
1400 0.000474178686590821
1401 0.000482030222449815
1402 0.000490006023539160
1403 0.000498108084616391
1404 0.000506338193784903
1405 0.000514698158665542
1406 0.000523190055984165
1407 0.000531815998557563
1408 0.000540577878225847
1409 0.000549477607412027
1410 0.000558517385456381
1411 0.000567699449864450
1412 0.000577025801954474
1413 0.000586498464640246
1414 0.000596119766744957
1415 0.000605892077502730
1416 0.000615817513641054
1417 0.000625898214595352
1418 0.000636136645965384
1419 0.000646535316014678
1420 0.000657096463167883
1421 0.000667822349786791
1422 0.000678715585809141
1423 0.000689778826269028
1424 0.000701014437965746
1425 0.000712424812796603
1426 0.000724012713054730
1427 0.000735780948764204
1428 0.000747732021988229
1429 0.000759868461166390
1430 0.000772193189459735
1431 0.000784709180397676
1432 0.000797419078610751
1433 0.000810325556521506
1434 0.000823431706975111
1435 0.000836740676034003
1436 0.000850255258651831
1437 0.000863978278902898
1438 0.000877913008662765
1439 0.000892062776111790
1440 0.000906430534518375
1441 0.000921019267737847
1442 0.000935832436599493
1443 0.000950873561320885
1444 0.000966145761956729
1445 0.000981652190776909
1446 0.000997396507830231
1447 0.00101338243588667
1448 0.00102961327078397
1449 0.00104609234209248
1450 0.00106282351996310
1451 0.00107981074088156
1452 0.00109705748572662
1453 0.00111456727078903
1454 0.00113234418787503
1455 0.00115039239872678
1456 0.00116871557907803
1457 0.00118731744194401
1458 0.00120620231272604
1459 0.00122537459065539
1460 0.00124483815674346
1461 0.00126459693101346
1462 0.00128465548511708
1463 0.00130501846876111
1464 0.00132568997894587
1465 0.00134667415360326
1466 0.00136797582407096
1467 0.00138959990394177
1468 0.00141155071755928
1469 0.00143383263234249
1470 0.00145645075318410
1471 0.00147941027177682
1472 0.00150271575186733
1473 0.00152637180224634
1474 0.00155038381606173
1475 0.00157475727819524
1476 0.00159949700417303
1477 0.00162460785675687
1478 0.00165009553295513
1479 0.00167596582640362
1480 0.00170222381752826
1481 0.00172887463644470
1482 0.00175592430011379
1483 0.00178337892742162
1484 0.00181124387763039
1485 0.00183952456192834
1486 0.00186822733428312
1487 0.00189735865634341
1488 0.00192692418049046
1489 0.00195692961352838
1490 0.00198738166453730
1491 0.00201828715597261
1492 0.00204965204847626
1493 0.00208148235991906
1494 0.00211378517314175
1495 0.00214656769052975
1496 0.00217983619707180
1497 0.00221359703752011
1498 0.00224785768824008
1499 0.00228262575184819
1500 0.00231790785414178
1501 0.00235371068352238
1502 0.00239004213086149
1503 0.00242691021990104
1504 0.00246432193470051
1505 0.00250228432512625
1506 0.00254080571814280
1507 0.00257989458076060
1508 0.00261955827384579
1509 0.00265980422693954
1510 0.00270064122597621
1511 0.00274207820474275
1512 0.00278412291986247
1513 0.00282678319985921
1514 0.00287006831392562
1515 0.00291398768679205
1516 0.00295854949093260
1517 0.00300376197437328
1518 0.00304963491452387
1519 0.00309617825266967
1520 0.00314340059848969
1521 0.00319131064045277
1522 0.00323991869063799
1523 0.00328923523407655
1524 0.00333926933944072
1525 0.00339003015785022
1526 0.00344152856413730
1527 0.00349377561500038
1528 0.00354678086121139
1529 0.00360055394014504
1530 0.00365510631821432
1531 0.00371044965337483
1532 0.00376659400305824
1533 0.00382354951494853
1534 0.00388132827758981
1535 0.00393994258161253
1536 0.00399940301613015
1537 0.00405972026464729
1538 0.00412090707027906
1539 0.00418297638855343
1540 0.00424593936680455
1541 0.00430980725148168
1542 0.00437459347352760
1543 0.00444031168751819
1544 0.00450697362722424
1545 0.00457459112963493
1546 0.00464317834876913
1547 0.00471274967451232
1548 0.00478331745577280
1549 0.00485489414935473
1550 0.00492749466978180
1551 0.00500113417939652
1552 0.00507582567269196
1553 0.00515158225741759
1554 0.00522841964693007
1555 0.00530635381539940
1556 0.00538539843528193
1557 0.00546556729689638
1558 0.00554687695305466
1559 0.00562934423156417
1560 0.00571298351572797
1561 0.00579780931198612
1562 0.00588383905574910
1563 0.00597109047123979
1564 0.00605957868749810
1565 0.00614931896277788
1566 0.00624032965921048
1567 0.00633262944277638
1568 0.00642623422536765
1569 0.00652116005324684
1570 0.00661742626203675
1571 0.00671505250763145
1572 0.00681405552240599
1573 0.00691445217904661
1574 0.00701626283634263
1575 0.00711950818931353
1576 0.00722420583075553
1577 0.00733037350065217
1578 0.00743803263170308
1579 0.00754720501021739
1580 0.00765790913190939
1581 0.00777016364544418
1582 0.00788399111122100
1583 0.00799941446224916
1584 0.00811645314017763
1585 0.00823512674628184
1586 0.00835545902580357
1587 0.00847747411500544
1588 0.00860119244713526
1589 0.00872663462284047
1590 0.00885382563049892
1591 0.00898279086958013
1592 0.00911355181353911
1593 0.00924613010965407
1594 0.00938055205124331
1595 0.00951684436467570
1596 0.00965502961272963
1597 0.00979513053949898
1598 0.00993717480890465
1599 0.0100811905391403
1600 0.0102272014344639
1601 0.0103752313892197
1602 0.0105253095048362
1603 0.0106774653601668
1604 0.0108317238564867
1605 0.0109881100923044
1606 0.0111466546774923
1607 0.0113073887247059
1608 0.0114703383882589
1609 0.0116355300280870
1610 0.0118029958378910
1611 0.0119727685385891
1612 0.0121448755970381
1613 0.0123193446956038
1614 0.0124962096885203
1615 0.0126755049839248
1616 0.0128572594246080
1617 0.0130415020767973
1618 0.0132282685366051
1619 0.0134175949832988
1620 0.0136095116994272
1621 0.0138040492003571
1622 0.0140012449105347
1623 0.0142011368656708
1624 0.0144037568558923
1625 0.0146091369152680
1626 0.0148173163844391
1627 0.0150283352460365
1628 0.0152422268700414
1629 0.0154590248791547
1630 0.0156787706233954
1631 0.0159015061284904
1632 0.0161272664169146
1633 0.0163560867743274
1634 0.0165880106591934
1635 0.0168230822379856
1636 0.0170613382628849
1637 0.0173028157617620
1638 0.0175475604020601
1639 0.0177956185945794
1640 0.0180470289035348
1641 0.0183018301785165
1642 0.0185600704025985
1643 0.0188217983410353
1644 0.0190870544526554
1645 0.0193558794933221
1646 0.0196283238751419
1647 0.0199044388294918
1648 0.0201842667976326
1649 0.0204678505318899
1650 0.0207552429883381
1651 0.0210464979829444
1652 0.0213416600330811
1653 0.0216407739778524
1654 0.0219438954392410
1655 0.0222510809437947
1656 0.0225623771787834
1657 0.0228778311661645
1658 0.0231975013235346
1659 0.0235214470155948
1660 0.0238497171992877
1661 0.0241823611819721
1662 0.0245194403081204
1663 0.0248610169159607
1664 0.0252071423386040
1665 0.0255578682712804
1666 0.0259132591246464
1667 0.0262733803544589
1668 0.0266382857763941
1669 0.0270080295826262
1670 0.0273826793981968
1671 0.0277623039420048
1672 0.0281469596255428
1673 0.0285367032543976
1674 0.0289316058177829
1675 0.0293317394522845
1676 0.0297371632861525
1677 0.0301479368545442
1678 0.0305641346698313
1679 0.0309858324507339
1680 0.0314130921628462
1681 0.0318459761945808
1682 0.0322845627506709
1683 0.0327289312980167
1684 0.0331791467679682
1685 0.0336352745343656
1686 0.0340973966650529
1687 0.0345655965513897
1688 0.0350399422277034
1689 0.0355205021847798
1690 0.0360073625348760
1691 0.0365006107814344
1692 0.0370003181982811
1693 0.0375065565332870
1694 0.0380194161361122
1695 0.0385389888114632
1696 0.0390653492181329
1697 0.0395985725109028
1698 0.0401387534713298
1699 0.0406859884062695
1700 0.0412403555150187
1701 0.0418019335080538
1702 0.0423708218053720
1703 0.0429471214298660
1704 0.0435309142757517
1705 0.0441222827678020
1706 0.0447213311844112
1707 0.0453281654798489
1708 0.0459428714078703
1709 0.0465655352772504
1710 0.0471962664460958
1711 0.0478351760287872
1712 0.0484823538147619
1713 0.0491378901649162
1714 0.0498018997521930
1715 0.0504744990946953
1716 0.0511557821920131
1717 0.0518458436365178
1718 0.0525448036664357
1719 0.0532527844485024
1720 0.0539698843785865
1721 0.0546962024725472
1722 0.0554318647855423
1723 0.0561769993931494
1724 0.0569317092867980
1725 0.0576960980956488
1726 0.0584702979591858
1727 0.0592544431390717
1728 0.0600486414192460
1729 0.0608530012447623
1730 0.0616676611243927
1731 0.0624927617841728
1732 0.0633284160107804
1733 0.0641747372822548
1734 0.0650318707625082
1735 0.0658999639377262
1736 0.0667791348225965
1737 0.0676695021421999
1738 0.0685712180194679
1739 0.0694844370159793
1740 0.0704092825965231
1741 0.0713458789618899
1742 0.0722943855179524
1743 0.0732549642176405
1744 0.0742277442130908
1745 0.0752128554259838
1746 0.0762104648696079
1747 0.0772207422241554
1748 0.0782438225835143
1749 0.0792798418314647
1750 0.0803289749337157
1751 0.0813913996558968
1752 0.0824672572838664
1753 0.0835566899213149
1754 0.0846598808543322
1755 0.0857770162923932
1756 0.0869082439807966
1757 0.0880537125198523
1758 0.0892136138839834
1759 0.0903881431077043
1760 0.0915774546828231
1761 0.0927817039777583
1762 0.0940010920466990
1763 0.0952358231558054
1764 0.0964860588250149
1765 0.0977519614813143
1766 0.0990337416762482
1767 0.100331613313867
1768 0.101645745243526
1769 0.102976307262736
1770 0.104323519837370
1771 0.105687606941578
1772 0.107068745077756
1773 0.108467111719285
1774 0.109882937690049
1775 0.111316457495539
1776 0.112767855607878
1777 0.114237317503190
1778 0.115725084836980
1779 0.117231403106145
1780 0.118756465091585
1781 0.120300464623630
1782 0.121863654661470
1783 0.123446292183092
1784 0.125048578642715
1785 0.126670716567897
1786 0.128312970724097
1787 0.129975610093175
1788 0.131658845158426
1789 0.133362887512244
1790 0.135088014262996
1791 0.136834506917041
1792 0.138602585367980
1793 0.140392470668587
1794 0.142204452804233
1795 0.144038826360102
1796 0.145895821050363
1797 0.147775667773248
1798 0.149678669959892
1799 0.151605135866422
1800 0.153555305426878
1801 0.155529419797901
1802 0.157527796464089
1803 0.159550757941154
1804 0.161598554811260
1805 0.163671438934338
1806 0.165769742452133
1807 0.167893802767007
1808 0.170043881570598
1809 0.172220241857914
1810 0.174423231071111
1811 0.176653202169292
1812 0.178910428401303
1813 0.181195184360827
1814 0.183507833477952
1815 0.185848744933589
1816 0.188218204014489
1817 0.190616497412836
1818 0.193044005228583
1819 0.195501113573207
1820 0.197988120289690
1821 0.200505324652561
1822 0.203053124158482
1823 0.205631922607302
1824 0.208242030899864
1825 0.210883761412905
1826 0.213557529817182
1827 0.216263758351705
1828 0.219002771514217
1829 0.221774895344908
1830 0.224580564458214
1831 0.227420220332833
1832 0.230294201645326
1833 0.233202848640871
1834 0.236146615698390
1835 0.239125964392598
1836 0.242141248140322
1837 0.245192821974338
1838 0.248281160916251
1839 0.251406747483751
1840 0.254569950437929
1841 0.257771140228698
1842 0.261010813388343
1843 0.264289474280977
1844 0.267607507664689
1845 0.270965300012244
1846 0.274363370292672
1847 0.277802245683521
1848 0.281282327567766
1849 0.284804019093227
1850 0.288367862657216
1851 0.291974409205377
1852 0.295624077421727
1853 0.299317287834897
1854 0.303054607248551
1855 0.306836611395345
1856 0.310663736991975
1857 0.314536422624596
1858 0.318455260547462
1859 0.322420852371396
1860 0.326433653547274
1861 0.330494121448466
1862 0.334602874898323
1863 0.338760542461151
1864 0.342967599078379
1865 0.347224521700949
1866 0.351531956822801
1867 0.355890561109969
1868 0.360300829813782
1869 0.364763260218339
1870 0.369278527664589
1871 0.373847318150720
1872 0.378470148021097
1873 0.383147535708447
1874 0.387880186661799
1875 0.392668817421755
1876 0.397513966271034
1877 0.402416173675639
1878 0.407376176432019
1879 0.412394722916316
1880 0.417472374266558
1881 0.422609693824667
1882 0.427807451059153
1883 0.433066427568124
1884 0.438387208218328
1885 0.443770380138452
1886 0.449216746889618
1887 0.454727124653138
1888 0.460302122968509
1889 0.465942353740335
1890 0.471648656016048
1891 0.477421882015332
1892 0.483262666975734
1893 0.489171648516974
1894 0.495149702662987
1895 0.501197719233053
1896 0.507316360136113
1897 0.513506289723240
1898 0.519768422594284
1899 0.526103687697962
1900 0.532512774667916
1901 0.538996375692044
1902 0.545555445511948
1903 0.552190953842257
1904 0.558903619187005
1905 0.565694162616488
1906 0.572563580689657
1907 0.579512885643820
1908 0.586542825937048
1909 0.593654152655292
1910 0.600847905974076
1911 0.608125142371598
1912 0.615486641434389
1913 0.622933185498213
1914 0.630465860113530
1915 0.638085767838417
1916 0.645793720666977
1917 0.653590533348166
1918 0.661477338689770
1919 0.669455287305335
1920 0.677525224802093
1921 0.685687999604515
1922 0.693944793800765
1923 0.702296807988161
1924 0.710744922695317
1925 0.719290021399462
1926 0.727933337441876
1927 0.736676123468942
1928 0.745519296357837
1929 0.754463775931421
1930 0.763510848897826
1931 0.772661822172551
1932 0.781917650321203
1933 0.791279290917729
1934 0.800748086309855
1935 0.810325399844931
1936 0.820012225233357
1937 0.829809559335427
1938 0.839718802350700
1939 0.849741376376096
1940 0.859878315857838
1941 0.870130658378666
1942 0.880499864361344
1943 0.890987417145686
1944 0.901594393401796
1945 0.912321872997882
1946 0.923171379132067
1947 0.934144458810882
1948 0.945242232548078
1949 0.956465824208079
1950 0.967816822242906
1951 0.979296839925265
1952 0.990907043385171
1953 1.00264860207648
1954 1.01452317236438
1955 1.02653243658598
1956 1.03867760813859
1957 1.05095990380303
1958 1.06338105072109
1959 1.07594280300907
1960 1.08864642313192
1961 1.10149317710167
1962 1.11448486561239
1963 1.12762331747292
1964 1.14090984618909
1965 1.15434576877088
1966 1.16793296244412
1967 1.18167333384882
1968 1.19556824936227
1969 1.20961907892165
1970 1.22382777949598
1971 1.23819633859486
1972 1.25272617746625
1973 1.26741872109347
1974 1.28227600929429
1975 1.29730011371116
1976 1.31249251265805
1977 1.32785468812109
1978 1.34338876610370
1979 1.35909690589920
1980 1.37498064491518
1981 1.39104152428197
1982 1.40728175978721
1983 1.42370360177371
1984 1.44030864896140
1985 1.45709850398002
1986 1.47407547587475
1987 1.49124190969048
1988 1.50859946789983
1989 1.52614981679813
1990 1.54389536242196
1991 1.56183854845936
1992 1.57998110338004
1993 1.59832475951892
1994 1.61687202393484
1995 1.63562544275786
1996 1.65458681291474
1997 1.67375793539709
1998 1.69314142216710
1999 1.71273992588284
