1 1.10234013581283e-166
2 1.55140582027568e-152
3 2.93099172315553e-144
4 2.18340958565439e-138
5 7.83259775838607e-134
6 4.12500413507161e-130
7 5.77994227220575e-127
8 3.07287581135946e-124
9 7.79315948146233e-122
10 1.10234013581282e-119
11 9.72236278787281e-118
12 5.80542721425329e-116
13 2.49834941867996e-114
14 8.13454558229019e-113
15 2.08259487746114e-111
16 4.32468823718571e-110
17 7.47162256406697e-109
18 1.09678969177351e-107
19 1.39230654597185e-106
20 1.55140582027570e-105
21 1.53681812081170e-104
22 1.36830091964451e-103
23 1.10541133364570e-102
24 8.17041244963677e-102
25 5.56539543935207e-101
26 3.51611422219009e-100
27 2.07210870722352e-99
28 1.14483551416347e-98
29 5.95691662294115e-98
30 2.93099172315551e-97
31 1.36872194492407e-96
32 6.08645760421348e-96
33 2.58506099297187e-95
34 1.05153739360577e-94
35 4.10689599462852e-94
36 1.54359426474221e-93
37 5.59495568914141e-93
38 1.95949726300759e-92
39 6.64281488970908e-92
40 2.18340958565439e-91
41 6.96878211335248e-91
42 2.16287922381992e-90
43 6.53631588458540e-90
44 1.92571234745057e-89
45 5.53737285817301e-89
46 1.55572814696809e-88
47 4.27479155925926e-88
48 1.14988332698898e-87
49 3.03061927844959e-87
50 7.83259775838602e-87
51 1.98661585316175e-86
52 4.94849084401488e-86
53 1.21138304677203e-85
54 2.91623375053841e-85
55 6.90815425334734e-85
56 1.61121274843347e-84
57 3.70197802816070e-84
58 8.38361483854834e-84
59 1.87223417058727e-83
60 4.12500413507167e-83
61 8.97052510000854e-83
62 1.92630488785433e-82
63 4.08621717177441e-82
64 8.56592756198193e-82
65 1.77518403083351e-81
66 3.63814991396188e-81
67 7.37617729846782e-81
68 1.47990731687787e-80
69 2.93915767405933e-80
70 5.77994227220571e-80
71 1.12579161586862e-79
72 2.17241579859507e-79
73 4.15422529552985e-79
74 7.87420011149110e-79
75 1.47977266171121e-78
76 2.75774723234832e-78
77 5.09776373350591e-78
78 9.34893083187025e-78
79 1.70133137407964e-77
80 3.07287581135946e-77
81 5.50949137479455e-77
82 9.80768891528755e-77
83 1.73374795525789e-76
84 3.04398189576341e-76
85 5.30890713723904e-76
86 9.19904680693576e-76
87 1.58387350239170e-75
88 2.71019919075036e-75
89 4.60941629219727e-75
90 7.79315948146228e-75
91 1.30996912356105e-74
92 2.18949271967980e-74
93 3.63926937026175e-74
94 6.01623427292701e-74
95 9.89293302191537e-74
96 1.61831691342098e-73
97 2.63382630445446e-73
98 4.26521745410229e-73
99 6.87337068487113e-73
100 1.10234013581284e-72
101 1.75962526082522e-72
102 2.79591325500859e-72
103 4.42247291048199e-72
104 6.96438172535991e-72
105 1.09197495192724e-71
106 1.70487007438919e-71
107 2.65065479404951e-71
108 4.10423413507820e-71
109 6.32937785787684e-71
110 9.72236278787274e-71
111 1.48763238165174e-70
112 2.26758035420611e-70
113 3.44351884406749e-70
114 5.21007089629942e-70
115 7.85441993148840e-70
116 1.17988889571577e-69
117 1.76624571923394e-69
118 2.63493534781471e-69
119 3.91762448785133e-69
120 5.80542721425329e-69
121 8.57487948665816e-69
122 1.26248917180362e-68
123 1.85291653919953e-68
124 2.71103311723213e-68
125 3.95445130106400e-68
126 5.75083941629939e-68
127 8.33854938368362e-68
128 1.20554713050701e-67
129 1.73792889646746e-67
130 2.49834941867994e-67
131 3.58151286930545e-67
132 5.12024081151155e-67
133 7.30033426116485e-67
134 1.03810466664994e-66
135 1.47232178962292e-66
136 2.08278438776063e-66
137 2.93888286371445e-66
138 4.13649668927395e-66
139 5.80779438017144e-66
140 8.13454558229031e-66
141 1.13661639192383e-65
142 1.58441084428834e-65
143 2.20348136025794e-65
144 3.05740343157705e-65
145 4.23264383395942e-65
146 5.84655234155037e-65
147 8.05805733873739e-65
148 1.10819514649852e-64
149 1.52079345775550e-64
150 2.08259487746113e-64
151 2.84598196078844e-64
152 3.88118418999560e-64
153 5.28217601222797e-64
154 7.17446464082497e-64
155 9.72535435241237e-64
156 1.31574504408512e-63
157 1.77663937686574e-63
158 2.39441104448085e-63
159 3.22092389482098e-63
160 4.32468823718571e-63
161 5.79604560148121e-63
162 7.75391978203922e-63
163 1.03545928595354e-62
164 1.38030950450798e-62
165 1.83679631005295e-62
166 2.44003332664179e-62
167 3.23586030264740e-62
168 4.28402366608832e-62
169 5.66227212004400e-62
170 7.47162256406692e-62
171 9.84312065517043e-62
172 1.29465074287126e-61
173 1.70013131690241e-61
174 2.22910378599163e-61
175 2.91812511550555e-61
176 3.81426627048848e-61
177 4.97804867982416e-61
178 6.48717671747968e-61
179 8.44127553084052e-61
180 1.09678969177353e-60
181 1.42301225110380e-60
182 1.84361764273011e-60
183 2.38515626586496e-60
184 3.08143706140012e-60
185 3.97545512181907e-60
186 5.12181630619111e-60
187 6.58978320954919e-60
188 8.46709700929002e-60
189 1.08647669810694e-59
190 1.39230654597184e-59
191 1.78190226902354e-59
192 2.27757857757815e-59
193 2.90742917140311e-59
194 3.70678098853114e-59
195 4.72000386488182e-59
196 6.00275991779671e-59
197 7.62479637041386e-59
198 9.67340926723897e-59
199 1.22577345303822e-58
200 1.55140582027570e-58
201 1.96123808867717e-58
202 2.47645239655129e-58
203 3.12341291787899e-58
204 3.93489809169285e-58
205 4.95161750773752e-58
206 6.22407729740708e-58
207 7.81487177672688e-58
208 9.80149591974899e-58
209 1.22797936064327e-57
210 1.53681812081169e-57
211 1.92128158070708e-57
212 2.39939132241699e-57
213 2.99334642812014e-57
214 3.73046498211534e-57
215 4.64433177042551e-57
216 5.77619603793108e-57
217 7.17667221880561e-57
218 8.90780742569406e-57
219 1.10455925188128e-56
220 1.36830091964453e-56
221 1.69337242499735e-56
222 2.09365644989719e-56
223 2.58609326635549e-56
224 3.19133563694853e-56
225 3.93454005956998e-56
226 4.84632193218298e-56
227 5.96390762833443e-56
228 7.33252292098384e-56
229 9.00706486141892e-56
230 1.10541133364570e-55
231 1.35543493556015e-55
232 1.66054599721379e-55
233 2.03256249851443e-55
234 2.48576986343332e-55
235 3.03742208932026e-55
236 3.70834182830120e-55
237 4.52363840684735e-55
238 5.51356630739521e-55
239 6.71455081349813e-55
240 8.17041244963677e-55
241 9.93382765982073e-55
242 1.20680700190189e-54
243 1.46490843376690e-54
244 1.77679555115442e-54
245 2.15338451315687e-54
246 2.60774819858986e-54
247 3.15553079920126e-54
248 3.81543991767366e-54
249 4.60983025275742e-54
250 5.56539543935203e-54
251 6.71398752269851e-54
252 8.09358695384808e-54
253 9.74944998043206e-54
254 1.17354649678649e-53
255 1.41157546320993e-53
256 1.69665675241530e-53
257 2.03785095273859e-53
258 2.44591747828976e-53
259 2.93362455454288e-53
260 3.51611422219014e-53
261 4.21133185231648e-53
262 5.04053125738330e-53
263 6.02886833299329e-53
264 7.20609831586582e-53
265 8.60739424106804e-53
266 1.02743070807068e-52
267 1.22558914096387e-52
268 1.46100243434260e-52
269 1.74049500127497e-52
270 2.07210870722350e-52
271 2.46531427998653e-52
272 2.93125843519121e-52
273 3.48305258423309e-52
274 4.13610992809682e-52
275 4.90853882222619e-52
276 5.82160154638553e-52
277 6.90024905430424e-52
278 8.17374393949512e-52
279 9.67638576881298e-52
280 1.14483551416347e-51
281 1.35366953729526e-51
282 1.59964536222854e-51
283 1.88920066532327e-51
284 2.22986002748089e-51
285 2.63041359585308e-51
286 3.10112432280481e-51
287 3.65396822760670e-51
288 4.30291279849114e-51
289 5.06423942358872e-51
290 5.95691662294111e-51
291 7.00303186628788e-51
292 8.22829092087772e-51
293 9.66259500089331e-51
294 1.13407075087711e-50
295 1.33030238955262e-50
296 1.55964601525766e-50
297 1.82754777160339e-50
298 2.14032651551722e-50
299 2.50530999742616e-50
300 2.93099172315555e-50
301 3.42721155280695e-50
302 4.00536353065934e-50
303 4.67863494014139e-50
304 5.46228114744389e-50
305 6.37394144576471e-50
306 7.43400185011721e-50
307 8.66601163208549e-50
308 1.00971613384383e-49
309 1.17588311224324e-49
310 1.36872194492407e-49
311 1.59240636367537e-49
312 1.85174652820511e-49
313 2.15228354269612e-49
314 2.50039763613258e-49
315 2.90343192814249e-49
316 3.36983396490497e-49
317 3.90931750739681e-49
318 4.53304739140763e-49
319 5.25385066040793e-49
320 6.08645760421348e-49
321 7.04777682486631e-49
322 8.15720900345406e-49
323 9.43700466581559e-49
324 1.09126719503291e-48
325 1.26134411774609e-48
326 1.45727939199302e-48
327 1.68290652870783e-48
328 1.94261292817441e-48
329 2.24141783788105e-48
330 2.58506099297185e-48
331 2.98010336369474e-48
332 3.43404161894866e-48
333 3.95543812301120e-48
334 4.55406851663304e-48
335 5.24108919710487e-48
336 6.02922730820054e-48
337 6.93299618406446e-48
338 7.96893956559385e-48
339 9.15590832864825e-48
340 1.05153739360579e-47
341 1.20717833561076e-47
342 1.38529607858713e-47
343 1.58905621861951e-47
344 1.82205893849060e-47
345 2.08839713455641e-47
346 2.39272211415080e-47
347 2.74031782310117e-47
348 3.13718468123819e-47
349 3.59013423626158e-47
350 4.10689599462849e-47
351 4.69623795410145e-47
352 5.36810254826993e-47
353 6.13375992101955e-47
354 7.00598068109003e-47
355 7.99923054635071e-47
356 9.12988957735264e-47
357 1.04164990235585e-46
358 1.18800391672578e-46
359 1.35442419538247e-46
360 1.54359426474221e-46
361 1.75854752537580e-46
362 2.00271170119209e-46
363 2.27995878821187e-46
364 2.59466116525409e-46
365 2.95175460644959e-46
366 3.35680902192805e-46
367 3.81610784927057e-46
368 4.33673712546476e-46
369 4.92668538834182e-46
370 5.59495568914137e-46
371 6.35169114540878e-46
372 7.20831562750711e-46
373 8.17769135441618e-46
374 9.27429537718059e-46
375 1.05144171535529e-45
376 1.19163796674839e-45
377 1.35007868248181e-45
378 1.52908001648160e-45
379 1.73124482692160e-45
380 1.95949726300762e-45
381 2.21712141585763e-45
382 2.50780449837031e-45
383 2.83568507071350e-45
384 3.20540688540249e-45
385 3.62217898946391e-45
386 4.09184279154283e-45
387 4.62094687972412e-45
388 5.21683046209160e-45
389 5.88771639750691e-45
390 6.64281488970904e-45
391 7.49243903466559e-45
392 8.44813354030744e-45
393 9.52281808061799e-45
394 1.07309469039286e-44
395 1.20886864897303e-44
396 1.36141132410439e-44
397 1.53274334122507e-44
398 1.72512277073236e-44
399 1.94107232428449e-44
400 2.18340958565439e-44
401 2.45528060580087e-44
402 2.76019722667228e-44
403 3.10207853668878e-44
404 3.48529690322166e-44
405 3.91472907409319e-44
406 4.39581289158872e-44
407 4.93461021917666e-44
408 5.53787674359025e-44
409 6.21313938370328e-44
410 6.96878211335243e-44
411 7.81414108860249e-44
412 8.75961006166502e-44
413 9.81675716458067e-44
414 1.09984542567547e-43
415 1.23190201524742e-43
416 1.37943791787047e-43
417 1.54422366609375e-43
418 1.72822730969114e-43
419 1.93363589560726e-43
420 2.16287922381995e-43
421 2.41865611393671e-43
422 2.70396344092066e-43
423 3.02212822422108e-43
424 3.37684308298537e-43
425 3.77220540119015e-43
426 4.21276058071019e-43
427 4.70354979782989e-43
428 5.25016271980425e-43
429 5.85879568313214e-43
430 6.53631588458535e-43
431 7.29033219014378e-43
432 8.12927322626417e-43
433 9.06247348283231e-43
434 1.01002682282415e-42
435 1.12540981148733e-42
436 1.25366244384514e-42
437 1.39618561079746e-42
438 1.55452894849411e-42
439 1.73040623621622e-42
440 1.92571234745057e-42
441 2.14254190673524e-42
442 2.38320981944296e-42
443 2.65027385761403e-42
444 2.94655950237468e-42
445 3.27518726251502e-42
446 3.63960270959496e-42
447 4.04360949265779e-42
448 4.49140562042988e-42
449 4.98762332595651e-42
450 5.53737285817297e-42
451 6.14629057715412e-42
452 6.82059176496782e-42
453 7.56712860243457e-42
454 8.39345380394962e-42
455 9.30789044816327e-42
456 1.03196085920714e-41
457 1.14387093103032e-41
458 1.26763168604962e-41
459 1.40446797400468e-41
460 1.55572814696811e-41
461 1.72289620157025e-41
462 1.90760508459800e-41
463 2.11165127053391e-41
464 2.33701072946362e-41
465 2.58585641451372e-41
466 2.86057740966149e-41
467 3.16379989146563e-41
468 3.49841007208977e-41
469 3.86757930602443e-41
470 4.27479155925923e-41
471 4.72387345742971e-41
472 5.21902714878115e-41
473 5.76486623878723e-41
474 6.36645507607389e-41
475 7.02935169408318e-41
476 7.75965473983373e-41
477 8.56405475037255e-41
478 9.44989016925945e-41
479 1.04252085298917e-40
480 1.14988332698898e-40
481 1.26804366813693e-40
482 1.39806195459785e-40
483 1.54109980513836e-40
484 1.69842986377297e-40
485 1.87144614788399e-40
486 2.06167533638889e-40
487 2.27078908113956e-40
488 2.50061743190394e-40
489 2.75316347304775e-40
490 3.03061927844957e-40
491 3.33538330030165e-40
492 3.67007931732673e-40
493 4.03757707864045e-40
494 4.44101479107463e-40
495 4.88382361032161e-40
496 5.36975430984050e-40
497 5.90290631616691e-40
498 6.48775931517481e-40
499 7.12920765105351e-40
500 7.83259775838613e-40
501 8.60376888786119e-40
502 9.44909740793593e-40
503 1.03755449883297e-39
504 1.13907109967003e-39
505 1.25028894673933e-39
506 1.37211310309190e-39
507 1.50553102249751e-39
508 1.65161986425927e-39
509 1.81155444105328e-39
510 1.98661585316173e-39
511 2.17820086684899e-39
512 2.38783209936037e-39
513 2.61716907813147e-39
514 2.86802024730939e-39
515 3.14235600063880e-39
516 3.44232282618903e-39
517 3.77025865532958e-39
518 4.12870951583880e-39
519 4.52044759709682e-39
520 4.94849084401488e-39
521 5.41612420573589e-39
522 5.92692267525809e-39
523 6.48477626704034e-39
524 7.09391709140659e-39
525 7.75894869723885e-39
526 8.48487786810442e-39
527 9.27714907167706e-39
528 1.01416817781651e-38
529 1.10849108805365e-38
530 1.21138304677202e-38
531 1.32360412217698e-38
532 1.44598017313006e-38
533 1.57940840364699e-38
534 1.72486337454818e-38
535 1.88340350891956e-38
536 2.05617813090397e-38
537 2.24443508042329e-38
538 2.44952894974440e-38
539 2.67292999136622e-38
540 2.91623375053845e-38
541 3.18117147984513e-38
542 3.46962139771825e-38
543 3.78362085751212e-38
544 4.12537949889180e-38
545 4.49729345879521e-38
546 4.90196072514497e-38
547 5.34219772284380e-38
548 5.82105722841892e-38
549 6.34184771701876e-38
550 6.90815425334729e-38
551 7.52386104658514e-38
552 8.19317579843793e-38
553 8.92065598321141e-38
554 9.71123720928999e-38
555 1.05702638226414e-37
556 1.15035219250414e-37
557 1.25172749926665e-37
558 1.36183022945997e-37
559 1.48139403257066e-37
560 1.61121274843347e-37
561 1.75214522424479e-37
562 1.90512050742052e-37
563 2.07114344287248e-37
564 2.25130070539297e-37
565 2.44676730010517e-37
566 2.65881356636810e-37
567 2.88881272312986e-37
568 3.13824899651603e-37
569 3.40872637343163e-37
570 3.70197802816067e-37
571 4.01987647238110e-37
572 4.36444448269173e-37
573 4.73786686368720e-37
574 5.14250310883533e-37
575 5.58090102592843e-37
576 6.05581139871639e-37
577 6.57020376150696e-37
578 7.12728336905905e-37
579 7.73050945002549e-37
580 8.38361483854846e-37
581 9.09062708540158e-37
582 9.85589115733674e-37
583 1.06840938410648e-36
584 1.15802899766128e-36
585 1.25499306536905e-36
586 1.35988935142046e-36
587 1.47335153142244e-36
588 1.59606269095688e-36
589 1.72875908408064e-36
590 1.87223417058725e-36
591 2.02734295217787e-36
592 2.19500662910759e-36
593 2.37621760038829e-36
594 2.57204483224836e-36
595 2.78363962127865e-36
596 3.01224178054208e-36
597 3.25918627889716e-36
598 3.52591036589248e-36
599 3.81396121683933e-36
600 4.12500413507167e-36
601 4.46083135096772e-36
602 4.82337146004410e-36
603 5.21469954535540e-36
604 5.63704803255032e-36
605 6.09281832926325e-36
606 6.58459330406975e-36
607 7.11515066402170e-36
608 7.68747729381912e-36
609 8.30478462398542e-36
610 8.97052510000848e-36
611 9.68840982931131e-36
612 1.04624274881437e-35
613 1.12968645760587e-35
614 1.21963271115776e-35
615 1.31657638689797e-35
616 1.42104912629033e-35
617 1.53362199946385e-35
618 1.65490835816559e-35
619 1.78556689000830e-35
620 1.92630488785435e-35
621 2.07788174910447e-35
622 2.24111272064710e-35
623 2.41687290627587e-35
624 2.60610155450285e-35
625 2.80980664588810e-35
626 3.02906980027557e-35
627 3.26505152567751e-35
628 3.51899683198903e-35
629 3.79224123424658e-35
630 4.08621717177439e-35
631 4.40246087129813e-35
632 4.74261968395203e-35
633 5.10845992807049e-35
634 5.50187527174534e-35
635 5.92489569135325e-35
636 6.37969704462390e-35
637 6.86861129933531e-35
638 7.39413746139789e-35
639 7.95895324893350e-35
640 8.56592756198193e-35
641 9.21813380068354e-35
642 9.91886408820566e-35
643 1.06716444583142e-34
644 1.14802510713561e-34
645 1.23487275265252e-34
646 1.32814033426439e-34
647 1.42829136843306e-34
648 1.53582204153495e-34
649 1.65126345661719e-34
650 1.77518403083350e-34
651 1.90819205340910e-34
652 2.05093841461080e-34
653 2.20411951686477e-34
654 2.36848037987122e-34
655 2.54481795231630e-34
656 2.73398464357855e-34
657 2.93689208967405e-34
658 3.15451516858207e-34
659 3.38789628104670e-34
660 3.63814991396193e-34
661 3.90646750452188e-34
662 4.19412262445659e-34
663 4.50247650488322e-34
664 4.83298392358499e-34
665 5.18719947789126e-34
666 5.56678426777505e-34
667 5.97351301531465e-34
668 6.40928164829017e-34
669 6.87611537740762e-34
670 7.37617729846776e-34
671 7.91177755273266e-34
672 8.48538308079500e-34
673 9.09962800743109e-34
674 9.75732469722298e-34
675 1.04614755231788e-33
676 1.12152853931709e-33
677 1.20221750817572e-33
678 1.28857954178557e-33
679 1.38100423818267e-33
680 1.47990731687787e-33
681 1.58573232783755e-33
682 1.69895246950823e-33
683 1.82007252266669e-33
684 1.94963090728840e-33
685 2.08820187006214e-33
686 2.23639781063923e-33
687 2.39487175519357e-33
688 2.56431998638543e-33
689 2.74548483936861e-33
690 2.93915767405931e-33
691 3.14618203449720e-33
692 3.36745700677839e-33
693 3.60394078772543e-33
694 3.85665447718595e-33
695 4.12668610761915e-33
696 4.41519492544274e-33
697 4.72341593947293e-33
698 5.05266475269925e-33
699 5.40434269459791e-33
700 5.77994227220579e-33
701 6.18105295925327e-33
702 6.60936734379197e-33
703 7.06668765595661e-33
704 7.55493269877346e-33
705 8.07614520627333e-33
706 8.63249965458861e-33
707 9.22631055321718e-33
708 9.86004124522575e-33
709 1.05363132468455e-32
710 1.12579161586861e-32
711 1.20278181826715e-32
712 1.28491772807810e-32
713 1.37253530137776e-32
714 1.46599191003134e-32
715 1.56566767391406e-32
716 1.67196687396280e-32
717 1.78531945083889e-32
718 1.90618259425814e-32
719 2.03504242833500e-32
720 2.17241579859507e-32
721 2.31885216663470e-32
722 2.47493561874866e-32
723 2.64128699520851e-32
724 2.81856614725605e-32
725 3.00747432927965e-32
726 3.20875673406593e-32
727 3.42320517946857e-32
728 3.65166095530970e-32
729 3.89501783982992e-32
730 4.15422529552982e-32
731 4.43029185480278e-32
732 4.72428870634665e-32
733 5.03735349396148e-32
734 5.37069433999389e-32
735 5.72559410637822e-32
736 6.10341490695215e-32
737 6.50560288549199e-32
738 6.93369327472116e-32
739 7.38931575239823e-32
740 7.87420011149121e-32
741 8.39018226239352e-32
742 8.93921058613602e-32
743 9.52335265860376e-32
744 1.01448023668781e-31
745 1.08058874399965e-31
746 1.15090774176560e-31
747 1.22569920816873e-31
748 1.30524103764984e-31
749 1.38982798461336e-31
750 1.47977266171120e-31
751 1.57540659578177e-31
752 1.67708134469018e-31
753 1.78516967849388e-31
754 1.90006682854559e-31
755 2.02219180834251e-31
756 2.15198881013947e-31
757 2.28992868156260e-31
758 2.43651048669099e-31
759 2.59226315631650e-31
760 2.75774723234832e-31
761 2.93355671159824e-31
762 3.12032099446610e-31
763 3.31870694434346e-31
764 3.52942106386836e-31
765 3.75321179449484e-31
766 3.99087194618915e-31
767 4.24324126443099e-31
768 4.51120914208422e-31
769 4.79571748410804e-31
770 5.09776373350588e-31
771 5.41840406735910e-31
772 5.75875677226600e-31
773 6.12000580900420e-31
774 6.50340457675758e-31
775 6.91027988779949e-31
776 7.34203616410336e-31
777 7.80015986796201e-31
778 8.28622417933597e-31
779 8.80189393332557e-31
780 9.34893083187038e-31
781 9.92919894452496e-31
782 1.05446705139425e-30
783 1.11974320825208e-30
784 1.18896909575327e-30
785 1.26237820329730e-30
786 1.34021749873087e-30
787 1.42274818773273e-30
788 1.51024651493332e-30
789 1.60300460900556e-30
790 1.70133137407962e-30
791 1.80555342995715e-30
792 1.91601610372953e-30
793 2.03308447554029e-30
794 2.15714448137368e-30
795 2.28860407590118e-30
796 2.42789445857459e-30
797 2.57547136631988e-30
798 2.73181643635836e-30
799 2.89743864286438e-30
800 3.07287581135946e-30
801 3.25869621494426e-30
802 3.45550025667960e-30
803 3.66392224264953e-30
804 3.88463225047204e-30
805 4.11833809826675e-30
806 4.36578741934547e-30
807 4.62776984815936e-30
808 4.90511932332018e-30
809 5.19871651380873e-30
810 5.50949137479451e-30
811 5.83842583981698e-30
812 6.18655665642177e-30
813 6.55497837270487e-30
814 6.94484648259453e-30
815 7.35738073809631e-30
816 7.79386863714274e-30
817 8.25566909612487e-30
818 8.74421631663963e-30
819 9.26102385646609e-30
820 9.80768891528769e-30
821 1.03858968462056e-29
822 1.09974259046408e-29
823 1.16441522468019e-29
824 1.23280551905079e-29
825 1.30512227517908e-29
826 1.38158574713724e-29
827 1.46242825458135e-29
828 1.54789482788665e-29
829 1.63824388693387e-29
830 1.73374795525788e-29
831 1.83469441135468e-29
832 1.94138627903193e-29
833 2.05414305878137e-29
834 2.17330160224890e-29
835 2.29921703198059e-29
836 2.43226370873019e-29
837 2.57283624872627e-29
838 2.72135059341469e-29
839 2.87824513431560e-29
840 3.04398189576341e-29
841 3.21904777843431e-29
842 3.40395586670709e-29
843 3.59924680305194e-29
844 3.80549023279810e-29
845 4.02328632279420e-29
846 4.25326735764619e-29
847 4.49609941739624e-29
848 4.75248414069423e-29
849 5.02316057770995e-29
850 5.30890713723900e-29
851 5.61054363267107e-29
852 5.92893343171493e-29
853 6.26498571501085e-29
854 6.61965784900785e-29
855 6.99395787874155e-29
856 7.38894714642027e-29
857 7.80574304201073e-29
858 8.24552189231050e-29
859 8.70952199530544e-29
860 9.19904680693589e-29
861 9.71546828773635e-29
862 1.02602304171683e-28
863 1.08348528838384e-28
864 1.14409349601863e-28
865 1.20801595706326e-28
866 1.27542975626057e-28
867 1.34652121903114e-28
868 1.42148638215785e-28
869 1.50053148786020e-28
870 1.58387350239169e-28
871 1.67174066034700e-28
872 1.76437303592167e-28
873 1.86202314242592e-28
874 1.96495656141483e-28
875 2.07345260286157e-28
876 2.18780499786713e-28
877 2.30832262547031e-28
878 2.43533027519465e-28
879 2.56916944704543e-28
880 2.71019919075036e-28
881 2.85879698612100e-28
882 3.01535966649950e-28
883 3.18030438734646e-28
884 3.35406964212162e-28
885 3.53711632770921e-28
886 3.72992886174381e-28
887 3.93301635430174e-28
888 4.14691383653737e-28
889 4.37218354896330e-28
890 4.60941629219724e-28
891 4.85923284312890e-28
892 5.12228543959648e-28
893 5.39925933680463e-28
894 5.69087443886416e-28
895 5.99788700898822e-28
896 6.32109146204304e-28
897 6.66132224332043e-28
898 7.01945579757562e-28
899 7.39641263255878e-28
900 7.79315948146239e-28
901 8.21071156890808e-28
902 8.65013498530683e-28
903 9.11254917464584e-28
904 9.59912954098605e-28
905 1.01111101791944e-27
906 1.06497867356840e-27
907 1.12165194051978e-27
908 1.18127360699436e-27
909 1.24399355876752e-27
910 1.30996912356104e-27
911 1.37936543173868e-27
912 1.45235579405819e-27
913 1.52912209726635e-27
914 1.60985521835877e-27
915 1.69475545836303e-27
916 1.78403299654256e-27
917 1.87790836595851e-27
918 1.97661295136913e-27
919 2.08038951048940e-27
920 2.18949271967981e-27
921 2.30418974518087e-27
922 2.42476084105930e-27
923 2.55149997508364e-27
924 2.68471548380179e-27
925 2.82473075814883e-27
926 2.97188496097277e-27
927 3.12653377792687e-27
928 3.28905020324163e-27
929 3.45982536195664e-27
930 3.63926937026172e-27
931 3.82781223566944e-27
932 4.02590479881755e-27
933 4.23401971877869e-27
934 4.45265250383729e-27
935 4.68232258977906e-27
936 4.92357446782897e-27
937 5.17697886446715e-27
938 5.44313397544917e-27
939 5.72266675645866e-27
940 6.01623427292709e-27
941 6.32452511166586e-27
942 6.64826085707053e-27
943 6.98819763477730e-27
944 7.34512772577728e-27
945 7.71988125412507e-27
946 8.11332795151335e-27
947 8.52637900212672e-27
948 8.95998897133681e-27
949 9.41515782195453e-27
950 9.89293302191530e-27
951 1.03944117474396e-26
952 1.09207431858872e-26
953 1.14731309427038e-26
954 1.20528355570494e-26
955 1.26611771308911e-26
956 1.32995380765530e-26
957 1.39693659879273e-26
958 1.46721766407748e-26
959 1.54095571277725e-26
960 1.61831691342098e-26
961 1.69947523604895e-26
962 1.78461280978467e-26
963 1.87392029639733e-26
964 1.96759728055244e-26
965 2.06585267747749e-26
966 2.16890515880057e-26
967 2.27698359735178e-26
968 2.39032753175090e-26
969 2.50918765163986e-26
970 2.63382630445444e-26
971 2.76451802466742e-26
972 2.90155008647503e-26
973 3.04522308093949e-26
974 3.19585151864282e-26
975 3.35376445895137e-26
976 3.51930616703711e-26
977 3.69283679984976e-26
978 3.87473312228369e-26
979 4.06538925483546e-26
980 4.26521745410235e-26
981 4.47464892752902e-26
982 4.69413468386756e-26
983 4.92414642087719e-26
984 5.16517745185401e-26
985 5.41774367264755e-26
986 5.68238457088895e-26
987 5.95966427922752e-26
988 6.25017267444715e-26
989 6.55452652441203e-26
990 6.87337068487108e-26
991 7.20737934823416e-26
992 7.55725734652150e-26
993 7.92374151077841e-26
994 8.30760208934127e-26
995 8.70964422743882e-26
996 9.13070951071599e-26
997 9.57167757537376e-26
998 1.00334677877285e-25
999 1.05170409961088e-25
1000 1.10234013581284e-25
1001 1.15535982464987e-25
1002 1.21087282366729e-25
1003 1.26899371797456e-25
1004 1.32984223641776e-25
1005 1.39354347700559e-25
1006 1.46022814197522e-25
1007 1.53003278289996e-25
1008 1.60310005625701e-25
1009 1.67957898989087e-25
1010 1.75962526082521e-25
1011 1.84340148489451e-25
1012 1.93107751868592e-25
1013 2.02283077430174e-25
1014 2.11884654747326e-25
1015 2.21931835957817e-25
1016 2.32444831413618e-25
1017 2.43444746838061e-25
1018 2.54953622052777e-25
1019 2.66994471339045e-25
1020 2.79591325500863e-25
1021 2.92769275699704e-25
1022 3.06554519133723e-25
1023 3.20974406637099e-25
1024 3.36057492278209e-25
1025 3.51833585038543e-25
1026 3.68333802657449e-25
1027 3.85590627731217e-25
1028 4.03637966158556e-25
1029 4.22511208028211e-25
1030 4.42247291048195e-25
1031 4.62884766620101e-25
1032 4.84463868666058e-25
1033 5.07026585320222e-25
1034 5.30616733601018e-25
1035 5.55280037184991e-25
1036 5.81064207407904e-25
1037 6.08019027623733e-25
1038 6.36196441057280e-25
1039 6.65650642291468e-25
1040 6.96438172535991e-25
1041 7.28618018829795e-25
1042 7.62251717335760e-25
1043 7.97403460892170e-25
1044 8.34140210992076e-25
1045 8.72531814368405e-25
1046 9.12651124369491e-25
1047 9.54574127316968e-25
1048 9.98380074045497e-25
1049 1.04415161683165e-24
1050 1.09197495192723e-24
1051 1.14193996792063e-24
1052 1.19414040015874e-24
1053 1.24867399147094e-24
1054 1.30564265944578e-24
1055 1.36515267052110e-24
1056 1.42731482115796e-24
1057 1.49224462637993e-24
1058 1.56006251596935e-24
1059 1.63089403862403e-24
1060 1.70487007438922e-24
1061 1.78212705569225e-24
1062 1.86280719731946e-24
1063 1.94705873568800e-24
1064 2.03503617777927e-24
1065 2.12690056011421e-24
1066 2.22281971816574e-24
1067 2.32296856661822e-24
1068 2.42752939090010e-24
1069 2.53669215043202e-24
1070 2.65065479404949e-24
1071 2.76962358807659e-24
1072 2.89381345754578e-24
1073 3.02344834107761e-24
1074 3.15876155995360e-24
1075 3.29999620193569e-24
1076 3.44740552040697e-24
1077 3.60125334943050e-24
1078 3.76181453534508e-24
1079 3.92937538554033e-24
1080 4.10423413507820e-24
1081 4.28670143185327e-24
1082 4.47710084101002e-24
1083 4.67576936936213e-24
1084 4.88305801058776e-24
1085 5.09933231200365e-24
1086 5.32497296375085e-24
1087 5.56037641125612e-24
1088 5.80595549186594e-24
1089 6.06214009658390e-24
1090 6.32937785787679e-24
1091 6.60813486455027e-24
1092 6.89889640473375e-24
1093 7.20216773805260e-24
1094 7.51847489810584e-24
1095 7.84836552640858e-24
1096 8.19240973900305e-24
1097 8.55120102698676e-24
1098 8.92535719225186e-24
1099 9.31552131977818e-24
1100 9.72236278787288e-24
1101 1.01465783178016e-23
1102 1.05888930643087e-23
1103 1.10500617485801e-23
1104 1.15308698352581e-23
1105 1.20321347551833e-23
1106 1.25547071755909e-23
1107 1.30994723195609e-23
1108 1.36673513365830e-23
1109 1.42593027261694e-23
1110 1.48763238165173e-23
1111 1.55194523002952e-23
1112 1.61897678297078e-23
1113 1.68883936730708e-23
1114 1.76164984352083e-23
1115 1.83752978440700e-23
1116 1.91660566060559e-23
1117 1.99900903326243e-23
1118 2.08487675408564e-23
1119 2.17435117307423e-23
1120 2.26758035420611e-23
1121 2.36471829938291e-23
1122 2.46592518093992e-23
1123 2.57136758304050e-23
1124 2.68121875228596e-23
1125 2.79565885788456e-23
1126 2.91487526173478e-23
1127 3.03906279879133e-23
1128 3.16842406809584e-23
1129 3.30316973486809e-23
1130 3.44351884406747e-23
1131 3.58969914584947e-23
1132 3.74194743335724e-23
1133 3.90050989330450e-23
1134 4.06564246982209e-23
1135 4.23761124205727e-23
1136 4.41669281603295e-23
1137 4.60317473129239e-23
1138 4.79735588287331e-23
1139 4.99954695917453e-23
1140 5.21007089629950e-23
1141 5.42926334948134e-23
1142 5.65747318221588e-23
1143 5.89506297375076e-23
1144 6.14240954560303e-23
1145 6.39990450780126e-23
1146 6.66795482557267e-23
1147 6.94698340722117e-23
1148 7.23742971396960e-23
1149 7.53975039256685e-23
1150 7.85441993148834e-23
1151 8.18193134158782e-23
1152 8.52279686208911e-23
1153 8.87754869283883e-23
1154 9.24673975377212e-23
1155 9.63094447257723e-23
1156 1.00307596015809e-22
1157 1.04468050649118e-22
1158 1.08797248370371e-22
1159 1.13301878538036e-22
1160 1.17988889571577e-22
1161 1.22865498747589e-22
1162 1.27939202357433e-22
1163 1.33217786239376e-22
1164 1.38709336698708e-22
1165 1.44422251829783e-22
1166 1.50365253254408e-22
1167 1.56547398291501e-22
1168 1.62978092573486e-22
1169 1.69667103125418e-22
1170 1.76624571923392e-22
1171 1.83861029949360e-22
1172 1.91387411760075e-22
1173 1.99215070588530e-22
1174 2.07355793996869e-22
1175 2.15821820100378e-22
1176 2.24625854382917e-22
1177 2.33781087124812e-22
1178 2.43301211464965e-22
1179 2.53200442119676e-22
1180 2.63493534781474e-22
1181 2.74195806222079e-22
1182 2.85323155124387e-22
1183 2.96892083669276e-22
1184 3.08919719903897e-22
1185 3.21423840919078e-22
1186 3.34422896864370e-22
1187 3.47936035830236e-22
1188 3.61983129627940e-22
1189 3.76584800498754e-22
1190 3.91762448785130e-22
1191 4.07538281597617e-22
1192 4.23935342512474e-22
1193 4.40977542336172e-22
1194 4.58689690974130e-22
1195 4.77097530442317e-22
1196 4.96227769061730e-22
1197 5.16108116877105e-22
1198 5.36767322342594e-22
1199 5.58235210318573e-22
1200 5.80542721425329e-22
1201 6.03721952800895e-22
1202 6.27806200311897e-22
1203 6.52830002267880e-22
1204 6.78829184691388e-22
1205 7.05840908197838e-22
1206 7.33903716540985e-22
1207 7.63057586881659e-22
1208 7.93343981839475e-22
1209 8.24805903389244e-22
1210 8.57487948665810e-22
1211 8.91436367743178e-22
1212 9.26699123456101e-22
1213 9.63325953334596e-22
1214 1.00136843372415e-21
1215 1.04088004616677e-21
1216 1.08191624612072e-21
1217 1.12453453409927e-21
1218 1.16879452931165e-21
1219 1.21475804589178e-21
1220 1.26248917180364e-21
1221 1.31205435051503e-21
1222 1.36352246553434e-21
1223 1.41696492790818e-21
1224 1.47245576678109e-21
1225 1.53007172312192e-21
1226 1.58989234672477e-21
1227 1.65200009659614e-21
1228 1.71648044484345e-21
1229 1.78342198418431e-21
1230 1.85291653919951e-21
1231 1.92505928145671e-21
1232 1.99994884863634e-21
1233 2.07768746779554e-21
1234 2.15838108291017e-21
1235 2.24213948683972e-21
1236 2.32907645786468e-21
1237 2.41930990095111e-21
1238 2.51296199390200e-21
1239 2.61015933856001e-21
1240 2.71103311723213e-21
1241 2.81571925451228e-21
1242 2.92435858468337e-21
1243 3.03709702488644e-21
1244 3.15408575425054e-21
1245 3.27548139918393e-21
1246 3.40144622503306e-21
1247 3.53214833432249e-21
1248 3.66776187179648e-21
1249 3.80846723648998e-21
1250 3.95445130106398e-21
1251 4.10590763864755e-21
1252 4.26303675743765e-21
1253 4.42604634331535e-21
1254 4.59515151074582e-21
1255 4.77057506223738e-21
1256 4.95254775664493e-21
1257 5.14130858661180e-21
1258 5.33710506545369e-21
1259 5.54019352379756e-21
1260 5.75083941629947e-21
1261 5.96931763877558e-21
1262 6.19591285609103e-21
1263 6.43091984116208e-21
1264 6.67464382543948e-21
1265 6.92740086125245e-21
1266 7.18951819640475e-21
1267 7.46133466142621e-21
1268 7.74320106989738e-21
1269 8.03548063227802e-21
1270 8.33854938368356e-21
1271 8.65279662606739e-21
1272 8.97862538528277e-21
1273 9.31645288351317e-21
1274 9.66671102757471e-21
1275 1.00298469136102e-20
1276 1.04063233487119e-20
1277 1.07966193900282e-20
1278 1.12012309019237e-20
1279 1.16206711317835e-20
1280 1.20554713050701e-20
1281 1.25061812402611e-20
1282 1.29733699843155e-20
1283 1.34576264693362e-20
1284 1.39595601911195e-20
1285 1.44798019103020e-20
1286 1.50190043768418e-20
1287 1.55778430785862e-20
1288 1.61570170147122e-20
1289 1.67572494948431e-20
1290 1.73792889646745e-20
1291 1.80239098589650e-20
1292 1.86919134827778e-20
1293 1.93841289218865e-20
1294 2.01014139832861e-20
1295 2.08446561667791e-20
1296 2.16147736686382e-20
1297 2.24127164183816e-20
1298 2.32394671497239e-20
1299 2.40960425068003e-20
1300 2.49834941867998e-20
1301 2.59029101201756e-20
1302 2.68554156896391e-20
1303 2.78421749891774e-20
1304 2.88643921243783e-20
1305 2.99233125553860e-20
1306 3.10202244838504e-20
1307 3.21564602852720e-20
1308 3.33333979881954e-20
1309 3.45524628017466e-20
1310 3.58151286930543e-20
1311 3.71229200161414e-20
1312 3.84774131939282e-20
1313 3.98802384550362e-20
1314 4.13330816271353e-20
1315 4.28376859886248e-20
1316 4.43958541805031e-20
1317 4.60094501803353e-20
1318 4.76804013402865e-20
1319 4.94107004912427e-20
1320 5.12024081151155e-20
1321 5.30576545874864e-20
1322 5.49786424928111e-20
1323 5.69676490144700e-20
1324 5.90270284020285e-20
1325 6.11592145181422e-20
1326 6.33667234676136e-20
1327 6.56521563111807e-20
1328 6.80182018667030e-20
1329 7.04676396004975e-20
1330 7.30033426116479e-20
1331 7.56282807122018e-20
1332 7.83455236062625e-20
1333 8.11582441710795e-20
1334 8.40697218433239e-20
1335 8.70833461138342e-20
1336 9.02026201342256e-20
1337 9.34311644388611e-20
1338 9.67727207857790e-20
1339 1.00231156120279e-19
1340 1.03810466664996e-19
1341 1.07514782140396e-19
1342 1.11348370119765e-19
1343 1.15315640522834e-19
1344 1.19421150252388e-19
1345 1.23669607978269e-19
1346 1.28065879073364e-19
1347 1.32614990706264e-19
1348 1.37322137095459e-19
1349 1.42192684930076e-19
1350 1.47232178962291e-19
1351 1.52446347776730e-19
1352 1.57841109742307e-19
1353 1.63422579152161e-19
1354 1.69197072557451e-19
1355 1.75171115301007e-19
1356 1.81351448256964e-19
1357 1.87745034782743e-19
1358 1.94359067889891e-19
1359 2.01200977640490e-19
1360 2.08278438776063e-19
1361 2.15599378586125e-19
1362 2.23171985023702e-19
1363 2.31004715075382e-19
1364 2.39106303393673e-19
1365 2.47485771199727e-19
1366 2.56152435464654e-19
1367 2.65115918377934e-19
1368 2.74386157111689e-19
1369 2.83973413889840e-19
1370 2.93888286371443e-19
1371 3.04141718357730e-19
1372 3.14745010832724e-19
1373 3.25709833347575e-19
1374 3.37048235759056e-19
1375 3.48772660332926e-19
1376 3.60895954223254e-19
1377 3.73431382339116e-19
1378 3.86392640610367e-19
1379 3.99793869664554e-19
1380 4.13649668927401e-19
1381 4.27975111159705e-19
1382 4.42785757443789e-19
1383 4.58097672633043e-19
1384 4.73927441278542e-19
1385 4.90292184047138e-19
1386 5.07209574645796e-19
1387 5.24697857267364e-19
1388 5.42775864573490e-19
1389 5.61463036230828e-19
1390 5.80779438017140e-19
1391 6.00745781514324e-19
1392 6.21383444406001e-19
1393 6.42714491397799e-19
1394 6.64761695778937e-19
1395 6.87548561644248e-19
1396 7.11099346796397e-19
1397 7.35439086348668e-19
1398 7.60593617049170e-19
1399 7.86589602347925e-19
1400 8.13454558229031e-19
1401 8.41216879830695e-19
1402 8.69905868876567e-19
1403 8.99551761942415e-19
1404 9.30185759583021e-19
1405 9.61840056344879e-19
1406 9.94547871690927e-19
1407 1.02834348186429e-18
1408 1.06326225271892e-18
1409 1.09934067354574e-18
1410 1.13661639192382e-18
1411 1.17512824962669e-18
1412 1.21491631961505e-18
1413 1.25602194414805e-18
1414 1.29848777404603e-18
1415 1.34235780913860e-18
1416 1.38767743993301e-18
1417 1.43449349053887e-18
1418 1.48285426288599e-18
1419 1.53280958227335e-18
1420 1.58441084428836e-18
1421 1.63771106313665e-18
1422 1.69276492142371e-18
1423 1.74962882143089e-18
1424 1.80836093792946e-18
1425 1.86902127257801e-18
1426 1.93167170994928e-18
1427 1.99637607523394e-18
1428 2.06320019367044e-18
1429 2.13221195175134e-18
1430 2.20348136025792e-18
1431 2.27708061917604e-18
1432 2.35308418454834e-18
1433 2.43156883731912e-18
1434 2.51261375422977e-18
1435 2.59630058082415e-18
1436 2.68271350662538e-18
1437 2.77193934254710e-18
1438 2.86406760060394e-18
1439 2.95919057598757e-18
1440 3.05740343157705e-18
1441 3.15880428495396e-18
1442 3.26349429799475e-18
1443 3.37157776911443e-18
1444 3.48316222823831e-18
1445 3.59835853458088e-18
1446 3.71728097731234e-18
1447 3.84004737919593e-18
1448 3.96677920328170e-18
1449 4.09760166274495e-18
1450 4.23264383395939e-18
1451 4.37203877289799e-18
1452 4.51592363495691e-18
1453 4.66443979830130e-18
1454 4.81773299083352e-18
1455 4.97595342088735e-18
1456 5.13925591175505e-18
1457 5.30780004015732e-18
1458 5.48175027876855e-18
1459 5.66127614291286e-18
1460 5.84655234155045e-18
1461 6.03775893267673e-18
1462 6.23508148326006e-18
1463 6.43871123384674e-18
1464 6.64884526796669e-18
1465 6.86568668647660e-18
1466 7.08944478698069e-18
1467 7.32033524847293e-18
1468 7.55858032134926e-18
1469 7.80440902294269e-18
1470 8.05805733873733e-18
1471 8.31976842942204e-18
1472 8.58979284394913e-18
1473 8.86838873876876e-18
1474 9.15582210341311e-18
1475 9.45236699260915e-18
1476 9.75830576510500e-18
1477 1.00739293293995e-17
1478 1.03995373965698e-17
1479 1.07354387403953e-17
1480 1.10819514649852e-17
1481 1.14394032801204e-17
1482 1.18081317845268e-17
1483 1.21884847573014e-17
1484 1.25808204577216e-17
1485 1.29855079336735e-17
1486 1.34029273389392e-17
1487 1.38334702595923e-17
1488 1.42775400497561e-17
1489 1.47355521769873e-17
1490 1.52079345775548e-17
1491 1.56951280218880e-17
1492 1.61975864904796e-17
1493 1.67157775605368e-17
1494 1.72501828036780e-17
1495 1.78012981949831e-17
1496 1.83696345337141e-17
1497 1.89557178760321e-17
1498 1.95600899800430e-17
1499 2.01833087635136e-17
1500 2.08259487746115e-17
1501 2.14886016760309e-17
1502 2.21718767428743e-17
1503 2.28764013746715e-17
1504 2.36028216219272e-17
1505 2.43518027276007e-17
1506 2.51240296839315e-17
1507 2.59202078050308e-17
1508 2.67410633156783e-17
1509 2.75873439567711e-17
1510 2.84598196078842e-17
1511 2.93592829274127e-17
1512 3.02865500107800e-17
1513 3.12424610672134e-17
1514 3.22278811155946e-17
1515 3.32437006999086e-17
1516 3.42908366248312e-17
1517 3.53702327120099e-17
1518 3.64828605776037e-17
1519 3.76297204316639e-17
1520 3.88118418999560e-17
1521 4.00302848688376e-17
1522 4.12861403538249e-17
1523 4.25805313924897e-17
1524 4.39146139623564e-17
1525 4.52895779244835e-17
1526 4.67066479934280e-17
1527 4.81670847343106e-17
1528 4.96721855877222e-17
1529 5.12232859232327e-17
1530 5.28217601222793e-17
1531 5.44690226912293e-17
1532 5.61665294054409e-17
1533 5.79157784851682e-17
1534 5.97183118041699e-17
1535 6.15757161319087e-17
1536 6.34896244102527e-17
1537 6.54617170656178e-17
1538 6.74937233575093e-17
1539 6.95874227644415e-17
1540 7.17446464082507e-17
1541 7.39672785178434e-17
1542 7.62572579334408e-17
1543 7.86165796524083e-17
1544 8.10472964177953e-17
1545 8.35515203507413e-17
1546 8.61314246279261e-17
1547 8.87892452052715e-17
1548 9.15272825891420e-17
1549 9.43479036563292e-17
1550 9.72535435241230e-17
1551 1.00246707471811e-16
1552 1.03329972914989e-16
1553 1.06505991434108e-16
1554 1.09777490858699e-16
1555 1.13147277408769e-16
1556 1.16618237894895e-16
1557 1.20193341978603e-16
1558 1.23875644494623e-16
1559 1.27668287836680e-16
1560 1.31574504408512e-16
1561 1.35597619141872e-16
1562 1.39741052083281e-16
1563 1.44008321051368e-16
1564 1.48403044366677e-16
1565 1.52928943655874e-16
1566 1.57589846732333e-16
1567 1.62389690555113e-16
1568 1.67332524268421e-16
1569 1.72422512323709e-16
1570 1.77663937686573e-16
1571 1.83061205130712e-16
1572 1.88618844621246e-16
1573 1.94341514789775e-16
1574 2.00234006503597e-16
1575 2.06301246531559e-16
1576 2.12548301309102e-16
1577 2.18980380805144e-16
1578 2.25602842493456e-16
1579 2.32421195431289e-16
1580 2.39441104448089e-16
1581 2.46668394447196e-16
1582 2.54109054823515e-16
1583 2.61769244000161e-16
1584 2.69655294087255e-16
1585 2.77773715666058e-16
1586 2.86131202701747e-16
1587 2.94734637588174e-16
1588 3.03591096328093e-16
1589 3.12707853852411e-16
1590 3.22092389482096e-16
1591 3.31752392536453e-16
1592 3.41695768091607e-16
1593 3.51930642893146e-16
1594 3.62465371426922e-16
1595 3.73308542152126e-16
1596 3.84468983900884e-16
1597 3.95955772448730e-16
1598 4.07778237260400e-16
1599 4.19945968415472e-16
1600 4.32468823718571e-16
1601 4.45356935998935e-16
1602 4.58620720604266e-16
1603 4.72270883093871e-16
1604 4.86318427136285e-16
1605 5.00774662616714e-16
1606 5.15651213959712e-16
1607 5.30960028672622e-16
1608 5.46713386115540e-16
1609 5.62923906503678e-16
1610 5.79604560148117e-16
1611 5.96768676941068e-16
1612 6.14429956091979e-16
1613 6.32602476121009e-16
1614 6.51300705116461e-16
1615 6.70539511262944e-16
1616 6.90334173647269e-16
1617 7.10700393349264e-16
1618 7.31654304824803e-16
1619 7.53212487588519e-16
1620 7.75391978203933e-16
1621 7.98210282588937e-16
1622 8.21685388644682e-16
1623 8.45835779216122e-16
1624 8.70680445392736e-16
1625 8.96238900158215e-16
1626 9.22531192397972e-16
1627 9.49577921273605e-16
1628 9.77400250973702e-16
1629 1.00601992585069e-15
1630 1.03545928595354e-15
1631 1.06574128296627e-15
1632 1.09688949656283e-15
1633 1.12892815118888e-15
1634 1.16188213328131e-15
1635 1.19577700893660e-15
1636 1.23063904203956e-15
1637 1.26649521286405e-15
1638 1.30337323715780e-15
1639 1.34130158572335e-15
1640 1.38030950450798e-15
1641 1.42042703521539e-15
1642 1.46168503645249e-15
1643 1.50411520542457e-15
1644 1.54775010019298e-15
1645 1.59262316250949e-15
1646 1.63876874124193e-15
1647 1.68622211640590e-15
1648 1.73501952381795e-15
1649 1.78519818038599e-15
1650 1.83679631005294e-15
1651 1.88985317040995e-15
1652 1.94440907999618e-15
1653 2.00050544630244e-15
1654 2.05818479449644e-15
1655 2.11749079688753e-15
1656 2.17846830314970e-15
1657 2.24116337132193e-15
1658 2.30562329960541e-15
1659 2.37189665897732e-15
1660 2.44003332664183e-15
1661 2.51008452033946e-15
1662 2.58210283353612e-15
1663 2.65614227151363e-15
1664 2.73225828838450e-15
1665 2.81050782505417e-15
1666 2.89094934815419e-15
1667 2.97364288997041e-15
1668 3.05865008939124e-15
1669 3.14603423390144e-15
1670 3.23586030264738e-15
1671 3.32819501060031e-15
1672 3.42310685384503e-15
1673 3.52066615602220e-15
1674 3.62094511595276e-15
1675 3.72401785647360e-15
1676 3.82996047451471e-15
1677 3.93885109244886e-15
1678 4.05076991074518e-15
1679 4.16579926195855e-15
1680 4.28402366608832e-15
1681 4.40552988734026e-15
1682 4.53040699232640e-15
1683 4.65874640973786e-15
1684 4.79064199152746e-15
1685 4.92619007563950e-15
1686 5.06548955032471e-15
1687 5.20864192007917e-15
1688 5.35575137324737e-15
1689 5.50692485133085e-15
1690 5.66227212004396e-15
1691 5.82190584215947e-15
1692 5.98594165218836e-15
1693 6.15449823293904e-15
1694 6.32769739400195e-15
1695 6.50566415220641e-15
1696 6.68852681409835e-15
1697 6.87641706048886e-15
1698 7.06947003312392e-15
1699 7.26782442352686e-15
1700 7.47162256406702e-15
1701 7.68101052130944e-15
1702 7.89613819170099e-15
1703 8.11715939964956e-15
1704 8.34423199805495e-15
1705 8.57751797135196e-15
1706 8.81718354112630e-15
1707 9.06339927436562e-15
1708 9.31634019441012e-15
1709 9.57618589466914e-15
1710 9.84312065517036e-15
1711 1.01173335620099e-14
1712 1.03990186297746e-14
1713 1.06883749270082e-14
1714 1.09856067047966e-14
1715 1.12909235285451e-14
1716 1.16045404130267e-14
1717 1.19266779607817e-14
1718 1.22575625039476e-14
1719 1.25974262496035e-14
1720 1.29465074287126e-14
1721 1.33050504487521e-14
1722 1.36733060501184e-14
1723 1.40515314663970e-14
1724 1.44399905885922e-14
1725 1.48389541334126e-14
1726 1.52486998157089e-14
1727 1.56695125251630e-14
1728 1.61016845073329e-14
1729 1.65455155491566e-14
1730 1.70013131690240e-14
1731 1.74693928115233e-14
1732 1.79500780469764e-14
1733 1.84437007758786e-14
1734 1.89506014383596e-14
1735 1.94711292287847e-14
1736 2.00056423156198e-14
1737 2.05545080666894e-14
1738 2.11181032799526e-14
1739 2.16968144199299e-14
1740 2.22910378599166e-14
1741 2.29011801301214e-14
1742 2.35276581718712e-14
1743 2.41708995980254e-14
1744 2.48313429597481e-14
1745 2.55094380197930e-14
1746 2.62056460324517e-14
1747 2.69204400303261e-14
1748 2.76543051180849e-14
1749 2.84077387733753e-14
1750 2.91812511550553e-14
1751 2.99753654189206e-14
1752 3.07906180411054e-14
1753 3.16275591493392e-14
1754 3.24867528622466e-14
1755 3.33687776368766e-14
1756 3.42742266246589e-14
1757 3.52037080359888e-14
1758 3.61578455136418e-14
1759 3.71372785152257e-14
1760 3.81426627048848e-14
1761 3.91746703544770e-14
1762 4.02339907544448e-14
1763 4.13213306346078e-14
1764 4.24374145951106e-14
1765 4.35829855477689e-14
1766 4.47588051680568e-14
1767 4.59656543579816e-14
1768 4.72043337201051e-14
1769 4.84756640429765e-14
1770 4.97804867982412e-14
1771 5.11196646496984e-14
1772 5.24940819745879e-14
1773 5.39046453973983e-14
1774 5.53522843364852e-14
1775 5.68379515637979e-14
1776 5.83626237780227e-14
1777 5.99273021914605e-14
1778 6.15330131309574e-14
1779 6.31808086532118e-14
1780 6.48717671747977e-14
1781 6.66069941172512e-14
1782 6.83876225675676e-14
1783 7.02148139544657e-14
1784 7.20897587407875e-14
1785 7.40136771324167e-14
1786 7.59878198040933e-14
1787 7.80134686425147e-14
1788 8.00919375071290e-14
1789 8.22245730090347e-14
1790 8.44127553084046e-14
1791 8.66578989308580e-14
1792 8.89614536032246e-14
1793 9.13249051091562e-14
1794 9.37497761650390e-14
1795 9.62376273166735e-14
1796 9.87900578572052e-14
1797 1.01408706766805e-13
1798 1.04095253674593e-13
1799 1.06851419843326e-13
1800 1.09678969177353e-13
1801 1.12579709254416e-13
1802 1.15555492381815e-13
1803 1.18608216677498e-13
1804 1.21739827176665e-13
1805 1.24952316964468e-13
1806 1.28247728335406e-13
1807 1.31628153980032e-13
1808 1.35095738199581e-13
1809 1.38652678149195e-13
1810 1.42301225110379e-13
1811 1.46043685793356e-13
1812 1.49882423670007e-13
1813 1.53819860338118e-13
1814 1.57858476917633e-13
1815 1.62000815479634e-13
1816 1.66249480508825e-13
1817 1.70607140400264e-13
1818 1.75076528991145e-13
1819 1.79660447128411e-13
1820 1.84361764273013e-13
1821 1.89183420141686e-13
1822 1.94128426387063e-13
1823 1.99199868317007e-13
1824 2.04400906654058e-13
1825 2.09734779335917e-13
1826 2.15204803357896e-13
1827 2.20814376658273e-13
1828 2.26566980047534e-13
1829 2.32466179182523e-13
1830 2.38515626586494e-13
1831 2.44719063716107e-13
1832 2.51080323076429e-13
1833 2.57603330385058e-13
1834 2.64292106786457e-13
1835 2.71150771117630e-13
1836 2.78183542226308e-13
1837 2.85394741342846e-13
1838 2.92788794507046e-13
1839 3.00370235051108e-13
1840 3.08143706140012e-13
1841 3.16113963370624e-13
1842 3.24285877430857e-13
1843 3.32664436820203e-13
1844 3.41254750633043e-13
1845 3.50062051406171e-13
1846 3.59091698031951e-13
1847 3.68349178738573e-13
1848 3.77840114138923e-13
1849 3.87570260349639e-13
1850 3.97545512181905e-13
1851 4.07771906405575e-13
1852 4.18255625088286e-13
1853 4.29002999011261e-13
1854 4.40020511163519e-13
1855 4.51314800316196e-13
1856 4.62892664678808e-13
1857 4.74761065639317e-13
1858 4.86927131589838e-13
1859 4.99398161839884e-13
1860 5.12181630619118e-13
1861 5.25285191171655e-13
1862 5.38716679943907e-13
1863 5.52484120868048e-13
1864 5.66595729743243e-13
1865 5.81059918716859e-13
1866 5.95885300867840e-13
1867 6.11080694894511e-13
1868 6.26655129909131e-13
1869 6.42617850341632e-13
1870 6.58978320954915e-13
1871 6.75746231974153e-13
1872 6.92931504332670e-13
1873 7.10544295036992e-13
1874 7.28595002653720e-13
1875 7.47094272920839e-13
1876 7.66053004486278e-13
1877 7.85482354776582e-13
1878 8.05393745998517e-13
1879 8.25798871276515e-13
1880 8.46709700929002e-13
1881 8.68138488886703e-13
1882 8.90097779256047e-13
1883 9.12600413030784e-13
1884 9.35659534955159e-13
1885 9.59288600542016e-13
1886 9.83501383249194e-13
1887 1.00831198181766e-12
1888 1.03373482777498e-12
1889 1.05978469310777e-12
1890 1.08647669810693e-12
1891 1.11382631938920e-12
1892 1.14184939809908e-12
1893 1.17056214829520e-12
1894 1.19998116552491e-12
1895 1.23012343559140e-12
1896 1.26100634351738e-12
1897 1.29264768270998e-12
1898 1.32506566433089e-12
1899 1.35827892687640e-12
1900 1.39230654597186e-12
1901 1.42716804438545e-12
1902 1.46288340226576e-12
1903 1.49947306760822e-12
1904 1.53695796695532e-12
1905 1.57535951633579e-12
1906 1.61469963244791e-12
1907 1.65500074409222e-12
1908 1.69628580385895e-12
1909 1.73857830007611e-12
1910 1.78190226902352e-12
1911 1.82628230741864e-12
1912 1.87174358518012e-12
1913 1.91831185847522e-12
1914 1.96601348305722e-12
1915 2.01487542789884e-12
1916 2.06492528912839e-12
1917 2.11619130427515e-12
1918 2.16870236683062e-12
1919 2.22248804113250e-12
1920 2.27757857757815e-12
1921 2.33400492817519e-12
1922 2.39179876243606e-12
1923 2.45099248362406e-12
1924 2.51161924535843e-12
1925 2.57371296858644e-12
1926 2.63730835893031e-12
1927 2.70244092441666e-12
1928 2.76914699359724e-12
1929 2.83746373406913e-12
1930 2.90742917140309e-12
1931 2.97908220848868e-12
1932 3.05246264530510e-12
1933 3.12761119912717e-12
1934 3.20456952517566e-12
1935 3.28338023772128e-12
1936 3.36408693165212e-12
1937 3.44673420451495e-12
1938 3.53136767903996e-12
1939 3.61803402615949e-12
1940 3.70678098853119e-12
1941 3.79765740457679e-12
1942 3.89071323304723e-12
1943 3.98599957812520e-12
1944 4.08356871507680e-12
1945 4.18347411646416e-12
1946 4.28577047893094e-12
1947 4.39051375057250e-12
1948 4.49776115890357e-12
1949 4.60757123943637e-12
1950 4.72000386488179e-12
1951 4.83512027498687e-12
1952 4.95298310702220e-12
1953 5.07365642693325e-12
1954 5.19720576116978e-12
1955 5.32369812920706e-12
1956 5.45320207677412e-12
1957 5.58578770980427e-12
1958 5.72152672912278e-12
1959 5.86049246588724e-12
1960 6.00275991779671e-12
1961 6.14840578608619e-12
1962 6.29750851332291e-12
1963 6.45014832202094e-12
1964 6.60640725409161e-12
1965 6.76636921114805e-12
1966 6.93011999568128e-12
1967 7.09774735312599e-12
1968 7.26934101483507e-12
1969 7.44499274198251e-12
1970 7.62479637041381e-12
1971 7.80884785646340e-12
1972 7.99724532375990e-12
1973 8.19008911104038e-12
1974 8.38748182099441e-12
1975 8.58952837015916e-12
1976 8.79633603988795e-12
1977 9.00801452841531e-12
1978 9.22467600404121e-12
1979 9.44643515945720e-12
1980 9.67340926723910e-12
1981 9.90571823653102e-12
1982 1.01434846709453e-11
1983 1.03868339277032e-11
1984 1.06358941780429e-11
1985 1.08907964689214e-11
1986 1.11516747860380e-11
1987 1.14186661182047e-11
1988 1.16919105230938e-11
1989 1.19715511943908e-11
1990 1.22577345303821e-11
1991 1.25506102040068e-11
1992 1.28503312344027e-11
1993 1.31570540599798e-11
1994 1.34709386130511e-11
1995 1.37921483960532e-11
1996 1.41208505593902e-11
1997 1.44572159809353e-11
1998 1.48014193472236e-11
1999 1.51536392363714e-11
2000 1.55140582027570e-11
2001 1.58828628635018e-11
2002 1.62602439867874e-11
2003 1.66463965820465e-11
2004 1.70415199920661e-11
2005 1.74458179870446e-11
2006 1.78594988606428e-11
2007 1.82827755280664e-11
2008 1.87158656262268e-11
2009 1.91589916160203e-11
2010 1.96123808867716e-11
2011 2.00762658628828e-11
2012 2.05508841127363e-11
2013 2.10364784598976e-11
2014 2.15332970966652e-11
2015 2.20415937000153e-11
2016 2.25616275499897e-11
2017 2.30936636505807e-11
2018 2.36379728531618e-11
2019 2.41948319825156e-11
2020 2.47645239655132e-11
2021 2.53473379625018e-11
2022 2.59435695014533e-11
2023 2.65535206149306e-11
2024 2.71774999799295e-11
2025 2.78158230606578e-11
2026 2.84688122543088e-11
2027 2.91367970398909e-11
2028 2.98201141301749e-11
2029 3.05191076268272e-11
2030 3.12341291787897e-11
2031 3.19655381439727e-11
2032 3.27137017543302e-11
2033 3.34789952843869e-11
2034 3.42618022232872e-11
2035 3.50625144504353e-11
2036 3.58815324148019e-11
2037 3.67192653179726e-11
2038 3.75761313010155e-11
2039 3.84525576352396e-11
2040 3.93489809169285e-11
2041 4.02658472661301e-11
2042 4.12036125295846e-11
2043 4.21627424878700e-11
2044 4.31437130668562e-11
2045 4.41470105535535e-11
2046 4.51731318164467e-11
2047 4.62225845303992e-11
2048 4.72958874062251e-11
2049 4.83935704250241e-11
2050 4.95161750773749e-11
2051 5.06642546074818e-11
2052 5.18383742623772e-11
2053 5.30391115462846e-11
2054 5.42670564802454e-11
2055 5.55228118671102e-11
2056 5.68069935620081e-11
2057 5.81202307484054e-11
2058 5.94631662198655e-11
2059 6.08364566676199e-11
2060 6.22407729740716e-11
2061 6.36768005123525e-11
2062 6.51452394520547e-11
2063 6.66468050712557e-11
2064 6.81822280749665e-11
2065 6.97522549201371e-11
2066 7.13576481473459e-11
2067 7.29991867193043e-11
2068 7.46776663663165e-11
2069 7.63938999388373e-11
2070 7.81487177672682e-11
2071 7.99429680291305e-11
2072 8.17775171237677e-11
2073 8.36532500547334e-11
2074 8.55710708200123e-11
2075 8.75319028102283e-11
2076 8.95366892150014e-11
2077 9.15863934376233e-11
2078 9.36819995182115e-11
2079 9.58245125655066e-11
2080 9.80149591974899e-11
2081 1.00254387991002e-10
2082 1.02543869940540e-10
2083 1.04884498926399e-10
2084 1.07277392192372e-10
2085 1.09723690833175e-10
2086 1.12224560291809e-10
2087 1.14781190867042e-10
2088 1.17394798231208e-10
2089 1.20066623958555e-10
2090 1.22797936064326e-10
2091 1.25590029554787e-10
2092 1.28444226988430e-10
2093 1.31361879048572e-10
2094 1.34344365127568e-10
2095 1.37393093922871e-10
2096 1.40509504045170e-10
2097 1.43695064638852e-10
2098 1.46951276015041e-10
2099 1.50279670297427e-10
2100 1.53681812081171e-10
2101 1.57159299105137e-10
2102 1.60713762937712e-10
2103 1.64346869676470e-10
2104 1.68060320661968e-10
2105 1.71855853205948e-10
2106 1.75735241334241e-10
2107 1.79700296544625e-10
2108 1.83752868579973e-10
2109 1.87894846216967e-10
2110 1.92128158070706e-10
2111 1.96454773415489e-10
2112 2.00876703022105e-10
2113 2.05396000011974e-10
2114 2.10014760728444e-10
2115 2.14735125625586e-10
2116 2.19559280174823e-10
2117 2.24489455789771e-10
2118 2.29527930769621e-10
2119 2.34677031261434e-10
2120 2.39939132241699e-10
2121 2.45316658517582e-10
2122 2.50812085748202e-10
2123 2.56427941486339e-10
2124 2.62166806240972e-10
2125 2.68031314561067e-10
2126 2.74024156141028e-10
2127 2.80148076948199e-10
2128 2.86405880372881e-10
2129 2.92800428401309e-10
2130 2.99334642812012e-10
2131 3.06011506396016e-10
2132 3.12834064201349e-10
2133 3.19805424802345e-10
2134 3.26928761594223e-10
2135 3.34207314113392e-10
2136 3.41644389384020e-10
2137 3.49243363291378e-10
2138 3.57007681982476e-10
2139 3.64940863294491e-10
2140 3.73046498211540e-10
2141 3.81328252350380e-10
2142 3.89789867475568e-10
2143 3.98435163044631e-10
2144 4.07268037783841e-10
2145 4.16292471295218e-10
2146 4.25512525695343e-10
2147 4.34932347286561e-10
2148 4.44556168261234e-10
2149 4.54388308439697e-10
2150 4.64433177042547e-10
2151 4.74695274497912e-10
2152 4.85179194284369e-10
2153 4.95889624810260e-10
2154 5.06831351330057e-10
2155 5.18009257898469e-10
2156 5.29428329363040e-10
2157 5.41093653396015e-10
2158 5.53010422566191e-10
2159 5.65183936451497e-10
2160 5.77619603793108e-10
2161 5.90322944691926e-10
2162 6.03299592848214e-10
2163 6.16555297845163e-10
2164 6.30095927477286e-10
2165 6.43927470124503e-10
2166 6.58056037172798e-10
2167 6.72487865482260e-10
2168 6.87229319903486e-10
2169 7.02286895843277e-10
2170 7.17667221880556e-10
2171 7.33377062433421e-10
2172 7.49423320478332e-10
2173 7.65813040322496e-10
2174 7.82553410430394e-10
2175 7.99651766305468e-10
2176 8.17115593428035e-10
2177 8.34952530250562e-10
2178 8.53170371251338e-10
2179 8.71777070047621e-10
2180 8.90780742569419e-10
2181 9.10189670295115e-10
2182 9.30012303550075e-10
2183 9.50257264869360e-10
2184 9.70933352425830e-10
2185 9.92049543524916e-10
2186 1.01361499816729e-9
2187 1.03563906268066e-9
2188 1.05813127342201e-9
2189 1.08110136055181e-9
2190 1.10455925188128e-9
2191 1.12851507679426e-9
2192 1.15297917024502e-9
2193 1.17796207683353e-9
2194 1.20347455495961e-9
2195 1.22952758105741e-9
2196 1.25613235391171e-9
2197 1.28330029905775e-9
2198 1.31104307326608e-9
2199 1.33937256911388e-9
2200 1.36830091964453e-9
2201 1.39784050311722e-9
2202 1.42800394784801e-9
2203 1.45880413714425e-9
2204 1.49025421433399e-9
2205 1.52236758789232e-9
2206 1.55515793666643e-9
2207 1.58863921520108e-9
2208 1.62282565916644e-9
2209 1.65773179089045e-9
2210 1.69337242499734e-9
2211 1.72976267415445e-9
2212 1.76691795492931e-9
2213 1.80485399375918e-9
2214 1.84358683303513e-9
2215 1.88313283730254e-9
2216 1.92350869958052e-9
2217 1.96473144780237e-9
2218 2.00681845137935e-9
2219 2.04978742788999e-9
2220 2.09365644989722e-9
2221 2.13844395189603e-9
2222 2.18416873739385e-9
2223 2.23084998612599e-9
2224 2.27850726140897e-9
2225 2.32716051763406e-9
2226 2.37683010790398e-9
2227 2.42753679181491e-9
2228 2.47930174338681e-9
2229 2.53214655914500e-9
2230 2.58609326635547e-9
2231 2.64116433141694e-9
2232 2.69738266841235e-9
2233 2.75477164782323e-9
2234 2.81335510540964e-9
2235 2.87315735125858e-9
2236 2.93420317900426e-9
2237 2.99651787522348e-9
2238 3.06012722900927e-9
2239 3.12505754172586e-9
2240 3.19133563694853e-9
2241 3.25898887059196e-9
2242 3.32804514123031e-9
2243 3.39853290061251e-9
2244 3.47048116437648e-9
2245 3.54391952296603e-9
2246 3.61887815275427e-9
2247 3.69538782737686e-9
2248 3.77347992927932e-9
2249 3.85318646148247e-9
2250 3.93454005956995e-9
2251 4.01757400390147e-9
2252 4.10232223205638e-9
2253 4.18881935151188e-9
2254 4.27710065256002e-9
2255 4.36720212146761e-9
2256 4.45916045388380e-9
2257 4.55301306849999e-9
2258 4.64879812096666e-9
2259 4.74655451807136e-9
2260 4.84632193218305e-9
2261 4.94814081596789e-9
2262 5.05205241738118e-9
2263 5.15809879494023e-9
2264 5.26632283328364e-9
2265 5.37676825902236e-9
2266 5.48947965688780e-9
2267 5.60450248618191e-9
2268 5.72188309753522e-9
2269 5.84166874997861e-9
2270 5.96390762833438e-9
2271 6.08864886093203e-9
2272 6.21594253765498e-9
2273 6.34583972832471e-9
2274 6.47839250142799e-9
2275 6.61365394319323e-9
2276 6.75167817702256e-9
2277 6.89252038328646e-9
2278 7.03623681948736e-9
2279 7.18288484079828e-9
2280 7.33252292098384e-9
2281 7.48521067371104e-9
2282 7.64100887425634e-9
2283 7.79997948161595e-9
2284 7.96218566102699e-9
2285 8.12769180690736e-9
2286 8.29656356622167e-9
2287 8.46886786228023e-9
2288 8.64467291897962e-9
2289 8.82404828549313e-9
2290 9.00706486141885e-9
2291 9.19379492239327e-9
2292 9.38431214617900e-9
2293 9.57869163923599e-9
2294 9.77700996378439e-9
2295 9.97934516536730e-9
2296 1.01857768009230e-8
2297 1.03963859673766e-8
2298 1.06112553307595e-8
2299 1.08304691558660e-8
2300 1.10541133364571e-8
2301 1.12822754260224e-8
2302 1.15150446691080e-8
2303 1.17525120332228e-8
2304 1.19947702413309e-8
2305 1.22419138049441e-8
2306 1.24940390578225e-8
2307 1.27512441902955e-8
2308 1.30136292842127e-8
2309 1.32812963485386e-8
2310 1.35543493556014e-8
2311 1.38328942780061e-8
2312 1.41170391262258e-8
2313 1.44068939868831e-8
2314 1.47025710617339e-8
2315 1.50041847073645e-8
2316 1.53118514756170e-8
2317 1.56256901547550e-8
2318 1.59458218113835e-8
2319 1.62723698331354e-8
2320 1.66054599721379e-8
2321 1.69452203892752e-8
2322 1.72917816992602e-8
2323 1.76452770165283e-8
2324 1.80058420019694e-8
2325 1.83736149105138e-8
2326 1.87487366395866e-8
2327 1.91313507784440e-8
2328 1.95216036584097e-8
2329 1.99196444040272e-8
2330 2.03256249851442e-8
2331 2.07397002699432e-8
2332 2.11620280789385e-8
2333 2.15927692399547e-8
2334 2.20320876441069e-8
2335 2.24801503027950e-8
2336 2.29371274057346e-8
2337 2.34031923800428e-8
2338 2.38785219503956e-8
2339 2.43632962002761e-8
2340 2.48576986343336e-8
2341 2.53619162418730e-8
2342 2.58761395614965e-8
2343 2.64005627469131e-8
2344 2.69353836339399e-8
2345 2.74808038087175e-8
2346 2.80370286771589e-8
2347 2.86042675356529e-8
2348 2.91827336430445e-8
2349 2.97726442939179e-8
2350 3.03742208932024e-8
2351 3.09876890321229e-8
2352 3.16132785655214e-8
2353 3.22512236905733e-8
2354 3.29017630269239e-8
2355 3.35651396982663e-8
2356 3.42416014153882e-8
2357 3.49314005607163e-8
2358 3.56347942743815e-8
2359 3.63520445418304e-8
2360 3.70834182830120e-8
2361 3.78291874431687e-8
2362 3.85896290852593e-8
2363 3.93650254840384e-8
2364 4.01556642218245e-8
2365 4.09618382859892e-8
2366 4.17838461681935e-8
2367 4.26219919654021e-8
2368 4.34765854827058e-8
2369 4.43479423379896e-8
2370 4.52363840684732e-8
2371 4.61422382391567e-8
2372 4.70658385532051e-8
2373 4.80075249643095e-8
2374 4.89676437910565e-8
2375 4.99465478333376e-8
2376 5.09445964908374e-8
2377 5.19621558836401e-8
2378 5.29995989749865e-8
2379 5.40573056962191e-8
2380 5.51356630739529e-8
2381 5.62350653595156e-8
2382 5.73559141606946e-8
2383 5.84986185758242e-8
2384 5.96635953302612e-8
2385 6.08512689152900e-8
2386 6.20620717294978e-8
2387 6.32964442226601e-8
2388 6.45548350421815e-8
2389 6.58377011821406e-8
2390 6.71455081349809e-8
2391 6.84787300458899e-8
2392 6.98378498699156e-8
2393 7.12233595318725e-8
2394 7.26357600890813e-8
2395 7.40755618969876e-8
2396 7.55432847777124e-8
2397 7.70394581915907e-8
2398 7.85646214117437e-8
2399 8.01193237017354e-8
2400 8.17041244963677e-8
2401 8.33195935856755e-8
2402 8.49663113021713e-8
2403 8.66448687113905e-8
2404 8.83558678057995e-8
2405 9.00999217021285e-8
2406 9.18776548421838e-8
2407 9.36897031971950e-8
2408 9.55367144757610e-8
2409 9.74193483354637e-8
2410 9.93382765982067e-8
2411 1.01294183469337e-7
2412 1.03287765760620e-7
2413 1.05319733117143e-7
2414 1.07390808248201e-7
2415 1.09501727162237e-7
2416 1.11653239405903e-7
2417 1.13846108307328e-7
2418 1.16081111223649e-7
2419 1.18359039792879e-7
2420 1.20680700190190e-7
2421 1.23046913388690e-7
2422 1.25458515424771e-7
2423 1.27916357668093e-7
2424 1.30421307096296e-7
2425 1.32974246574519e-7
2426 1.35576075139812e-7
2427 1.38227708290507e-7
2428 1.40930078280648e-7
2429 1.43684134419566e-7
2430 1.46490843376689e-7
2431 1.49351189491658e-7
2432 1.52266175089855e-7
2433 1.55236820803434e-7
2434 1.58264165897959e-7
2435 1.61349268604706e-7
2436 1.64493206458771e-7
2437 1.67697076643053e-7
2438 1.70961996338234e-7
2439 1.74289103078831e-7
2440 1.77679555115442e-7
2441 1.81134531783288e-7
2442 1.84655233877165e-7
2443 1.88242884032890e-7
2444 1.91898727115370e-7
2445 1.95624030613413e-7
2446 1.99420085041384e-7
2447 2.03288204347815e-7
2448 2.07229726331089e-7
2449 2.11246013062344e-7
2450 2.15338451315686e-7
2451 2.19508453005847e-7
2452 2.23757455633406e-7
2453 2.28086922737722e-7
2454 2.32498344357698e-7
2455 2.36993237500489e-7
2456 2.41573146618303e-7
2457 2.46239644093454e-7
2458 2.50994330731774e-7
2459 2.55838836264530e-7
2460 2.60774819858990e-7
2461 2.65803970637803e-7
2462 2.70928008207328e-7
2463 2.76148683195044e-7
2464 2.81467777796209e-7
2465 2.86887106329946e-7
2466 2.92408515804883e-7
2467 2.98033886494514e-7
2468 3.03765132522435e-7
2469 3.09604202457653e-7
2470 3.15553079920124e-7
2471 3.21613784196659e-7
2472 3.27788370867398e-7
2473 3.34078932443046e-7
2474 3.40487599013034e-7
2475 3.47016538904768e-7
2476 3.53667959354170e-7
2477 3.60444107187713e-7
2478 3.67347269516138e-7
2479 3.74379774440015e-7
2480 3.81543991767366e-7
2481 3.88842333743578e-7
2482 3.96277255793791e-7
2483 4.03851257277940e-7
2484 4.11566882258686e-7
2485 4.19426720282481e-7
2486 4.27433407173954e-7
2487 4.35589625843816e-7
2488 4.43898107110541e-7
2489 4.52361630536068e-7
2490 4.60983025275738e-7
2491 4.69765170942675e-7
2492 4.78710998486871e-7
2493 4.87823491089263e-7
2494 4.97105685070999e-7
2495 5.06560670818140e-7
2496 5.16191593722073e-7
2497 5.26001655135912e-7
2498 5.35994113347153e-7
2499 5.46172284566789e-7
2500 5.56539543935211e-7
2501 5.67099326545191e-7
2502 5.77855128482208e-7
2503 5.88810507882365e-7
2504 5.99969086008217e-7
2505 6.11334548342852e-7
2506 6.22910645702482e-7
2507 6.34701195367816e-7
2508 6.46710082234566e-7
2509 6.58941259983431e-7
2510 6.71398752269847e-7
2511 6.84086653933793e-7
2512 6.97009132230021e-7
2513 7.10170428079075e-7
2514 7.23574857339421e-7
2515 7.37226812100979e-7
2516 7.51130762000461e-7
2517 7.65291255558901e-7
2518 7.79712921541718e-7
2519 7.94400470341624e-7
2520 8.09358695384808e-7
2521 8.24592474560807e-7
2522 8.40106771676427e-7
2523 8.55906637934044e-7
2524 8.71997213434751e-7
2525 8.88383728706778e-7
2526 9.05071506259590e-7
2527 9.22065962163992e-7
2528 9.39372607658750e-7
2529 9.56997050784194e-7
2530 9.74944998043199e-7
2531 9.93222256089945e-7
2532 1.01183473344695e-6
2533 1.03078844225089e-6
2534 1.05008950002767e-6
2535 1.06974413149708e-6
2536 1.08975867040765e-6
2537 1.11013956140221e-6
2538 1.13089336191468e-6
2539 1.15202674409836e-6
2540 1.17354649678651e-6
2541 1.19545952748566e-6
2542 1.21777286440217e-6
2543 1.24049365850256e-6
2544 1.26362918560809e-6
2545 1.28718684852436e-6
2546 1.31117417920639e-6
2547 1.33559884095964e-6
2548 1.36046863067764e-6
2549 1.38579148111695e-6
2550 1.41157546320992e-6
2551 1.43782878841585e-6
2552 1.46455981111113e-6
2553 1.49177703101922e-6
2554 1.51948909568100e-6
2555 1.54770480296590e-6
2556 1.57643310362485e-6
2557 1.60568310388548e-6
2558 1.63546406809047e-6
2559 1.66578542137944e-6
2560 1.69665675241530e-6
2561 1.72808781615578e-6
2562 1.76008853667086e-6
2563 1.79266901000672e-6
2564 1.82583950709699e-6
2565 1.85961047672227e-6
2566 1.89399254851855e-6
2567 1.92899653603514e-6
2568 1.96463343984317e-6
2569 2.00091445069549e-6
2570 2.03785095273857e-6
2571 2.07545452677748e-6
2572 2.11373695359442e-6
2573 2.15271021732229e-6
2574 2.19238650887364e-6
2575 2.23277822942606e-6
2576 2.27389799396489e-6
2577 2.31575863488433e-6
2578 2.35837320564779e-6
2579 2.40175498450825e-6
2580 2.44591747828979e-6
2581 2.49087442623135e-6
2582 2.53663980389356e-6
2583 2.58322782712961e-6
2584 2.63065295612124e-6
2585 2.67892989948108e-6
2586 2.72807361842216e-6
2587 2.77809933099573e-6
2588 2.82902251639840e-6
2589 2.88085891934995e-6
2590 2.93362455454286e-6
2591 2.98733571116447e-6
2592 3.04200895749301e-6
2593 3.09766114556906e-6
2594 3.15430941594323e-6
2595 3.21197120250135e-6
2596 3.27066423736834e-6
2597 3.33040655589236e-6
2598 3.39121650171027e-6
2599 3.45311273189556e-6
2600 3.51611422219014e-6
2601 3.58024027232162e-6
2602 3.64551051140729e-6
2603 3.71194490344576e-6
2604 3.77956375289813e-6
2605 3.84838771036008e-6
2606 3.91843777832633e-6
2607 3.98973531704851e-6
2608 4.06230205048831e-6
2609 4.13616007236753e-6
2610 4.21133185231645e-6
2611 4.28784024212171e-6
2612 4.36570848207562e-6
2613 4.44496020742874e-6
2614 4.52561945494701e-6
2615 4.60771066957501e-6
2616 4.69125871120716e-6
2617 4.77628886156879e-6
2618 4.86282683120868e-6
2619 4.95089876660455e-6
2620 5.04053125738337e-6
2621 5.13175134365885e-6
2622 5.22458652348744e-6
2623 5.31906476044465e-6
2624 5.41521449132361e-6
2625 5.51306463395836e-6
2626 5.61264459517332e-6
2627 5.71398427886083e-6
2628 5.81711409418886e-6
2629 5.92206496394138e-6
2630 6.02886833299324e-6
2631 6.13755617692116e-6
2632 6.24816101075339e-6
2633 6.36071589786063e-6
2634 6.47525445898994e-6
2635 6.59181088144369e-6
2636 6.71041992840603e-6
2637 6.83111694841965e-6
2638 6.95393788501482e-6
2639 7.07891928649273e-6
2640 7.20609831586582e-6
2641 7.33551276095807e-6
2642 7.46720104466733e-6
2643 7.60120223539185e-6
2644 7.73755605762385e-6
2645 7.87630290271334e-6
2646 8.01748383980433e-6
2647 8.16114062694574e-6
2648 8.30731572238010e-6
2649 8.45605229601332e-6
2650 8.60739424106798e-6
2651 8.76138618592234e-6
2652 8.91807350613869e-6
2653 9.07750233668416e-6
2654 9.23971958434690e-6
2655 9.40477294034977e-6
2656 9.57271089316546e-6
2657 9.74358274153640e-6
2658 9.91743860770240e-6
2659 0.0000100943294508385
2660 0.0000102743070807070
2661 0.0000104574241715273
2662 0.0000106437342760669
2663 0.0000108332918399558
2664 0.0000110261522162284
2665 0.0000112223716800983
2666 0.0000114220074439661
2667 0.0000116251176726673
2668 0.0000118317614989606
2669 0.0000120419990392638
2670 0.0000122558914096387
2671 0.0000124735007420299
2672 0.0000126948902007606
2673 0.0000129201239992904
2674 0.0000131492674172389
2675 0.0000133823868176788
2676 0.0000136195496647022
2677 0.0000138608245412658
2678 0.0000141062811673188
2679 0.0000143559904182166
2680 0.0000146100243434260
2681 0.0000148684561855259
2682 0.0000151313603995096
2683 0.0000153988126723900
2684 0.0000156708899431154
2685 0.0000159476704227991
2686 0.0000162292336152695
2687 0.0000165156603379430
2688 0.0000168070327430254
2689 0.0000171034343390492
2690 0.0000174049500127495
2691 0.0000177116660512841
2692 0.0000180236701648027
2693 0.0000183410515093724
2694 0.0000186639007102646
2695 0.0000189923098856058
2696 0.0000193263726704010
2697 0.0000196661842409354
2698 0.0000200118413395592
2699 0.0000203634422998610
2700 0.0000207210870722353
2701 0.0000210848772498531
2702 0.0000214549160950396
2703 0.0000218313085660642
2704 0.0000222141613443500
2705 0.0000226035828621116
2706 0.0000229996833304247
2707 0.0000234025747677345
2708 0.0000238123710288101
2709 0.0000242291878341530
2710 0.0000246531427998651
2711 0.0000250843554679832
2712 0.0000255229473372863
2713 0.0000259690418945863
2714 0.0000264227646465067
2715 0.0000268842431517564
2716 0.0000273536070539064
2717 0.0000278309881146794
2718 0.0000283165202477589
2719 0.0000288103395531228
2720 0.0000293125843519121
2721 0.0000298233952218449
2722 0.0000303429150331805
2723 0.0000308712889852424
2724 0.0000314086646435092
2725 0.0000319551919772835
2726 0.0000325110233979472
2727 0.0000330763137978084
2728 0.0000336512205895526
2729 0.0000342359037463076
2730 0.0000348305258423307
2731 0.0000354352520943249
2732 0.0000360502504033961
2733 0.0000366756913976630
2734 0.0000373117484755264
2735 0.0000379585978496081
2736 0.0000386164185913695
2737 0.0000392853926764227
2738 0.0000399657050305438
2739 0.0000406575435763948
2740 0.0000413610992809688
2741 0.0000420765662037704
2742 0.0000428041415457402
2743 0.0000435440256989342
2744 0.0000442964222969681
2745 0.0000450615382662446
2746 0.0000458395838779699
2747 0.0000466307728009706
2748 0.0000474353221553247
2749 0.0000482534525668216
2750 0.0000490853882222616
2751 0.0000499313569256040
2752 0.0000507915901549802
2753 0.0000516663231205858
2754 0.0000525557948234649
2755 0.0000534602481151946
2756 0.0000543799297584868
2757 0.0000553150904887250
2758 0.0000562659850764463
2759 0.0000572328723907790
2760 0.0000582160154638553
2761 0.0000592156815562142
2762 0.0000602321422232088
2763 0.0000612656733824278
2764 0.0000623165553821513
2765 0.0000633850730708574
2766 0.0000644715158677953
2767 0.0000655761778346342
2768 0.0000666993577482092
2769 0.0000678413591743837
2770 0.0000690024905430419
2771 0.0000701830652242241
2772 0.0000713834016054246
2773 0.0000726038231700759
2774 0.0000738446585772307
2775 0.0000751062417424565
2776 0.0000763889119199646
2777 0.0000776930137859967
2778 0.0000790188975234827
2779 0.0000803669189079850
2780 0.0000817374393949524
2781 0.0000831308262083076
2782 0.0000845474524303840
2783 0.0000859876970932268
2784 0.0000874519452712831
2785 0.0000889405881755075
2786 0.0000904540232488976
2787 0.0000919926542634782
2788 0.0000935568914187576
2789 0.0000951471514416857
2790 0.0000967638576881291
2791 0.0000984074402458820
2792 0.000100078336039239
2793 0.000101776988935161
2794 0.000103503849851048
2795 0.000105259376864144
2796 0.000107044035322596
2797 0.000108858297958201
2798 0.000110702645000862
2799 0.000112577564294772
2800 0.000114483551416347
2801 0.000116421109793959
2802 0.000118390750829477
2803 0.000120392994021631
2804 0.000122428367091249
2805 0.000124497406108388
2806 0.000126600655621385
2807 0.000128738668787843
2808 0.000130912007507607
2809 0.000133121242557737
2810 0.000135366953729525
2811 0.000137649729967564
2812 0.000139970169510920
2813 0.000142328880036429
2814 0.000144726478804152
2815 0.000147163592805021
2816 0.000149640858910688
2817 0.000152158924025657
2818 0.000154718445241681
2819 0.000157320089994489
2820 0.000159964536222856
2821 0.000162652472530076
2822 0.000165384598347853
2823 0.000168161624102648
2824 0.000170984271384522
2825 0.000173853273118508
2826 0.000176769373738572
2827 0.000179733329364149
2828 0.000182745907979342
2829 0.000185807889614800
2830 0.000188920066532326
2831 0.000192083243412238
2832 0.000195298237543524
2833 0.000198565879016860
2834 0.000201887010920507
2835 0.000205262489539128
2836 0.000208693184555568
2837 0.000212179979255669
2838 0.000215723770736129
2839 0.000219325470115461
2840 0.000222986002748089
2841 0.000226706308441661
2842 0.000230487341677585
2843 0.000234330071834851
2844 0.000238235483417181
2845 0.000242204576283572
2846 0.000246238365882274
2847 0.000250337883488236
2848 0.000254504176444077
2849 0.000258738308404662
2850 0.000263041359585306
2851 0.000267414427013656
2852 0.000271858624785307
2853 0.000276375084323239
2854 0.000280964954641090
2855 0.000285629402610333
2856 0.000290369613231404
2857 0.000295186789908874
2858 0.000300082154730694
2859 0.000305056948751562
2860 0.000310112432280486
2861 0.000315249885172622
2862 0.000320470607125429
2863 0.000325775917979190
2864 0.000331167158021979
2865 0.000336645688299143
2866 0.000342212890927376
2867 0.000347870169413400
2868 0.000353618948977354
2869 0.000359460676880985
2870 0.000365396822760668
2871 0.000371428878965334
2872 0.000377558360899370
2873 0.000383786807370601
2874 0.000390115780943395
2875 0.000396546868296953
2876 0.000403081680588875
2877 0.000409721853824093
2878 0.000416469049229244
2879 0.000423324953632523
2880 0.000430291279849114
2881 0.000437369767072327
2882 0.000444562181270465
2883 0.000451870315589511
2884 0.000459295990761723
2885 0.000466841055520246
2886 0.000474507387019821
2887 0.000482296891263631
2888 0.000490211503536408
2889 0.000498253188843913
2890 0.000506423942358868
2891 0.000514725789873378
2892 0.000523160788257985
2893 0.000531731025927475
2894 0.000540438623313491
2895 0.000549285733344042
2896 0.000558274541930016
2897 0.000567407268458836
2898 0.000576686166295335
2899 0.000586113523289915
2900 0.000595691662294119
2901 0.000605422941683777
2902 0.000615309755889769
2903 0.000625354535936514
2904 0.000635559749988298
2905 0.000645927903903611
2906 0.000656461541797553
2907 0.000667163246612409
2908 0.000678035640696522
2909 0.000689081386391635
2910 0.000700303186628783
2911 0.000711703785532808
2912 0.000723285969035676
2913 0.000735052565498739
2914 0.000747006446344045
2915 0.000759150526694782
2916 0.000771487766025016
2917 0.000784021168818906
2918 0.000796753785239490
2919 0.000809688711807126
2920 0.000822829092087772
2921 0.000836178117391288
2922 0.000849739027479863
2923 0.000863515111286657
2924 0.000877509707644846
2925 0.000891726206027277
2926 0.000906168047296819
2927 0.000920838724467534
2928 0.000935741783476840
2929 0.000950880823968899
2930 0.000966259500089324
2931 0.000981881521291318
2932 0.000997750653153450
2933 0.00101387071820929
2934 0.00103024559678905
2935 0.00104687922787323
2936 0.00106377560995870
2937 0.00108093880193721
2938 0.00109837292398661
2939 0.00111608215847487
2940 0.00113407075087713
2941 0.00115234301070589
2942 0.00117090331245480
2943 0.00118975609655577
2944 0.00120890587034997
2945 0.00122835720907279
2946 0.00124811475685298
2947 0.00126818322772613
2948 0.00128856740666257
2949 0.00130927215061029
2950 0.00133030238955261
2951 0.00135166312758118
2952 0.00137335944398419
2953 0.00139539649435038
2954 0.00141777951168875
2955 0.00144051380756442
2956 0.00146360477325056
2957 0.00148705788089703
2958 0.00151087868471571
2959 0.00153507282218268
2960 0.00155964601525766
2961 0.00158460407162091
2962 0.00160995288592784
2963 0.00163569844108146
2964 0.00166184680952304
2965 0.00168840415454120
2966 0.00171537673159978
2967 0.00174277088968455
2968 0.00177059307266907
2969 0.00179884982070021
2970 0.00182754777160338
2971 0.00185669366230766
2972 0.00188629433029129
2973 0.00191635671504782
2974 0.00194688785957314
2975 0.00197789491187354
2976 0.00200938512649528
2977 0.00204136586607598
2978 0.00207384460291807
2979 0.00210682892058453
2980 0.00214032651551725
2981 0.00217434519867852
2982 0.00220889289721583
2983 0.00224397765615017
2984 0.00227960764008829
2985 0.00231579113495937
2986 0.00235253654977629
2987 0.00238985241842180
2988 0.00242774740145995
2989 0.00246623028797329
2990 0.00250530999742614
2991 0.00254499558155409
2992 0.00258529622628022
2993 0.00262622125365853
2994 0.00266778012384494
2995 0.00270998243709594
2996 0.00275283793579551
2997 0.00279635650651082
2998 0.00284054818207697
2999 0.00288542314371095
3000 0.00293099172315555
3001 0.00297726440485355
3002 0.00302425182815266
3003 0.00307196478954132
3004 0.00312041424491608
3005 0.00316961131188103
3006 0.00321956727207962
3007 0.00327029357355923
3008 0.00332180183316886
3009 0.00337410383899088
3010 0.00342721155280692
3011 0.00348113711259825
3012 0.00353589283508127
3013 0.00359149121827895
3014 0.00364794494412819
3015 0.00370526688112378
3016 0.00376347008699937
3017 0.00382256781144628
3018 0.00388257349887047
3019 0.00394350079118795
3020 0.00400536353065939
3021 0.00406817576276463
3022 0.00413195173911749
3023 0.00419670592042121
3024 0.00426245297946521
3025 0.00432920780416400
3026 0.00439698550063870
3027 0.00446580139634137
3028 0.00453567104322295
3029 0.00460661022094586
3030 0.00467863494014136
3031 0.00475176144571226
3032 0.00482600622018164
3033 0.00490138598708866
3034 0.00497791771443170
3035 0.00505561861815927
3036 0.00513450616570962
3037 0.00521459807959992
3038 0.00529591234106552
3039 0.00537846719374953
3040 0.00546228114744389
3041 0.00554737298188271
3042 0.00563376175058846
3043 0.00572146678477136
3044 0.00581050769728295
3045 0.00590090438662502
3046 0.00599267704101415
3047 0.00608584614250252
3048 0.00618043247115586
3049 0.00627645710928972
3050 0.00637394144576467
3051 0.00647290718034062
3052 0.00657337632809157
3053 0.00667537122388197
3054 0.00677891452690509
3055 0.00688402922528391
3056 0.00699073864073574
3057 0.00709906643330186
3058 0.00720903660614255
3059 0.00732067351039814
3060 0.00743400185011732
3061 0.00754904668725393
3062 0.00766583344673292
3063 0.00778438792158587
3064 0.00790473627815743
3065 0.00802690506138413
3066 0.00815092120014605
3067 0.00827681201269199
3068 0.00840460521213932
3069 0.00853432891205035
3070 0.00866601163208543
3071 0.00879968230373358
3072 0.00893537027612208
3073 0.00907310532190654
3074 0.00921291764324209
3075 0.00935483787783630
3076 0.00949889710508533
3077 0.00964512685229507
3078 0.00979355910098781
3079 0.00994422629329506
3080 0.0100971613384383
3081 0.0102523976192992
3082 0.0104099689990802
3083 0.0105699098280559
3084 0.0107322549504170
3085 0.0108970397112092
3086 0.0110642999633665
3087 0.0112340720748410
3088 0.0114063929358303
3089 0.0115812999661042
3090 0.0117588311224323
3091 0.0119390249061121
3092 0.0121219203706007
3093 0.0123075571292512
3094 0.0124959753631552
3095 0.0126872158290915
3096 0.0128813198675842
3097 0.0130783294110707
3098 0.0132782869921821
3099 0.0134812357521355
3100 0.0136872194492408
3101 0.0138962824675252
3102 0.0141084698254739
3103 0.0143238271848910
3104 0.0145424008598797
3105 0.0147642378259467
3106 0.0149893857292304
3107 0.0152178928958534
3108 0.0154498083414035
3109 0.0156851817805438
3110 0.0159240636367535
3111 0.0161665050522013
3112 0.0164125578977517
3113 0.0166622747831095
3114 0.0169157090671015
3115 0.0171729148680972
3116 0.0174339470745710
3117 0.0176988613558087
3118 0.0179677141727593
3119 0.0182405627890336
3120 0.0185174652820511
3121 0.0187984805543399
3122 0.0190836683449893
3123 0.0193730892412568
3124 0.0196668046903323
3125 0.0199648770112625
3126 0.0202673694070371
3127 0.0205743459768374
3128 0.0208858717284504
3129 0.0212020125908521
3130 0.0215228354269611
3131 0.0218484080465629
3132 0.0221787992194100
3133 0.0225140786884984
3134 0.0228543171835253
3135 0.0231995864345259
3136 0.0235499591856946
3137 0.0239055092093943
3138 0.0242663113203542
3139 0.0246324413900581
3140 0.0250039763613261
3141 0.0253809942630947
3142 0.0257635742253957
3143 0.0261517964945353
3144 0.0265457424484780
3145 0.0269454946124382
3146 0.0273511366746826
3147 0.0277627535025422
3148 0.0281804311586411
3149 0.0286042569173440
3150 0.0290343192814247
3151 0.0294707079989575
3152 0.0299135140804345
3153 0.0303628298161155
3154 0.0308187487936091
3155 0.0312813659156897
3156 0.0317507774183521
3157 0.0322270808891104
3158 0.0327103752855422
3159 0.0332007609540793
3160 0.0336983396490497
3161 0.0342032145519775
3162 0.0347154902911395
3163 0.0352352729613831
3164 0.0357626701442083
3165 0.0362977909281205
3166 0.0368407459292554
3167 0.0373916473122775
3168 0.0379506088115576
3169 0.0385177457526352
3170 0.0390931750739678
3171 0.0396770153489678
3172 0.0402693868083337
3173 0.0408704113626815
3174 0.0414802126254772
3175 0.0420989159362737
3176 0.0427266483842563
3177 0.0433635388321047
3178 0.0440097179401730
3179 0.0446653181909884
3180 0.0453304739140769
3181 0.0460053213111207
3182 0.0466899984814509
3183 0.0473846454478768
3184 0.0480894041828575
3185 0.0488044186350245
3186 0.0495298347560569
3187 0.0502658005279103
3188 0.0510124659904068
3189 0.0517699832691948
3190 0.0525385066040790
3191 0.0533181923777235
3192 0.0541091991447355
3193 0.0549116876611370
3194 0.0557258209142277
3195 0.0565517641528395
3196 0.0573896849179925
3197 0.0582397530739589
3198 0.0591021408397391
3199 0.0599770228209498
3200 0.0608645760421348
3201 0.0617649799795055
3202 0.0626784165941143
3203 0.0636050703654632
3204 0.0645451283255560
3205 0.0654987800934033
3206 0.0664662179099837
3207 0.0674476366736618
3208 0.0684432339760743
3209 0.0694532101384921
3210 0.0704777682486626
3211 0.0715171141981333
3212 0.0725714567200668
3213 0.0736410074275583
3214 0.0747259808524573
3215 0.0758265944846965
3216 0.0769430688121377
3217 0.0780756273609463
3218 0.0792244967364965
3219 0.0803899066648106
3220 0.0815720900345418
3221 0.0827712829395134
3222 0.0839877247218174
3223 0.0852216580154731
3224 0.0864733287906595
3225 0.0877429863985329
3226 0.0890308836166315
3227 0.0903372766948716
3228 0.0916624254021461
3229 0.0930065930735383
3230 0.0943700466581552
3231 0.0957530567675814
3232 0.0971558977249675
3233 0.0985788476147659
3234 0.100022188333118
3235 0.101486205638896
3236 0.102971189205408
3237 0.104477432672789
3238 0.106005233701076
3239 0.107554894023968
3240 0.109126719503291
3241 0.110721020184176
3242 0.112338110350963
3243 0.113978308583824
3244 0.115641937816126
3245 0.117329325392546
3246 0.119040803127948
3247 0.120776707367017
3248 0.122537379044672
3249 0.124323163747269
3250 0.126134411774608
3251 0.127971478202729
3252 0.129834722947538
3253 0.131724510829258
3254 0.133641211637720
3255 0.135585200198499
3256 0.137556856439906
3257 0.139556565460860
3258 0.141584717599639
3259 0.143641708503516
3260 0.145727939199304
3261 0.147843816164815
3262 0.149989751401256
3263 0.152166162506546
3264 0.154373472749593
3265 0.156612111145532
3266 0.158882512531947
3267 0.161185117646062
3268 0.163520373202944
3269 0.165888731974712
3270 0.168290652870782
3271 0.170726601019139
3272 0.173197047848654
3273 0.175702471172482
3274 0.178243355272532
3275 0.180820190985024
3276 0.183433475787145
3277 0.186083713884838
3278 0.188771416301722
3279 0.191497100969154
3280 0.194261292817441
3281 0.197064523868253
3282 0.199907333328218
3283 0.202790267683716
3284 0.205713880796893
3285 0.208678734002919
3286 0.211685396208511
3287 0.214734443991696
3288 0.217826461702868
3289 0.220962041567155
3290 0.224141783788104
3291 0.227366296652678
3292 0.230636196637615
3293 0.233952108517159
3294 0.237314665472171
3295 0.240724509200639
3296 0.244182290029596
3297 0.247688667028493
3298 0.251244308124024
3299 0.254849890216414
