3300 0.000129439357410402
3301 0.000131614425723074
3302 0.000133825367890659
3303 0.000136072764454116
3304 0.000138357205169136
3305 0.000140679289149550
3306 0.000143039625012921
3307 0.000145438831028359
3308 0.000147877535266584
3309 0.000150356375752283
3310 0.000152876000618782
3311 0.000155437068265079
3312 0.000158040247515261
3313 0.000160686217780353
3314 0.000163375669222628
3315 0.000166109302922419
3316 0.000168887831047457
3317 0.000171711977024800
3318 0.000174582475715361
3319 0.000177500073591092
3320 0.000180465528914864
3321 0.000183479611923069
3322 0.000186543105010999
3323 0.000189656802921042
3324 0.000192821512933721
3325 0.000196038055061645
3326 0.000199307262246388
3327 0.000202629980558355
3328 0.000206007069399683
3329 0.000209439401710208
3330 0.000212927864176550
3331 0.000216473357444370
3332 0.000220076796333833
3333 0.000223739110058330
3334 0.000227461242446516
3335 0.000231244152167695
3336 0.000235088812960617
3337 0.000238996213865731
3338 0.000242967359460948
3339 0.000247003270100961
3340 0.000251104982160177
3341 0.000255273548279324
3342 0.000259510037615768
3343 0.000263815536097609
3344 0.000268191146681612
3345 0.000272637989615021
3346 0.000277157202701322
3347 0.000281749941570004
3348 0.000286417379950392
3349 0.000291160709949594
3350 0.000295981142334631
3351 0.000300879906818825
3352 0.000305858252352474
3353 0.000310917447417918
3354 0.000316058780329027
3355 0.000321283559535197
3356 0.000326593113929908
3357 0.000331988793163923
3358 0.000337471967963183
3359 0.000343044030451477
3360 0.000348706394477953
3361 0.000354460495949543
3362 0.000360307793168373
3363 0.000366249767174229
3364 0.000372287922092160
3365 0.000378423785485286
3366 0.000384658908712891
3367 0.000390994867293881
3368 0.000397433261275680
3369 0.000403975715608647
3370 0.000410623880526093
3371 0.000417379431929987
3372 0.000424244071782425
3373 0.000431219528502948
3374 0.000438307557371804
3375 0.000445509940939229
3376 0.000452828489440840
3377 0.000460265041219233
3378 0.000467821463151871
3379 0.000475499651085354
3380 0.000483301530276175
3381 0.000491229055838039
3382 0.000499284213195854
3383 0.000507469018546489
3384 0.000515785519326398
3385 0.000524235794686200
3386 0.000532821955972339
3387 0.000541546147215899
3388 0.000550410545628706
3389 0.000559417362106799
3390 0.000568568841741398
3391 0.000577867264337461
3392 0.000587314944939955
3393 0.000596914234367940
3394 0.000606667519756590
3395 0.000616577225107265
3396 0.000626645811845744
3397 0.000636875779388748
3398 0.000647269665718860
3399 0.000657830047967985
3400 0.000668559543009448
3401 0.000679460808058877
3402 0.000690536541283989
3403 0.000701789482423408
3404 0.000713222413414650
3405 0.000724838159031401
3406 0.000736639587530237
3407 0.000748629611306902
3408 0.000760811187562304
3409 0.000773187318978351
3410 0.000785761054403790
3411 0.000798535489550166
3412 0.000811513767698083
3413 0.000824699080413880
3414 0.000838094668276901
3415 0.000851703821617495
3416 0.000865529881265911
3417 0.000879576239312238
3418 0.000893846339877555
3419 0.000908343679896455
3420 0.000923071809911097
3421 0.000938034334876960
3422 0.000953234914980477
3423 0.000968677266468693
3424 0.000984365162491157
3425 0.00100030243395419
3426 0.00101649297038773
3427 0.00103294072082492
3428 0.00104964969469467
3429 0.00106662396272727
3430 0.00108386765787336
3431 0.00110138497623641
3432 0.00111918017801887
3433 0.00113725758848224
3434 0.00115562159892117
3435 0.00117427666765196
3436 0.00119322732101547
3437 0.00121247815439480
3438 0.00123203383324781
3439 0.00125189909415492
3440 0.00127207874588209
3441 0.00129257767045951
3442 0.00131340082427601
3443 0.00133455323918953
3444 0.00135604002365384
3445 0.00137786636386171
3446 0.00140003752490485
3447 0.00142255885195080
3448 0.00144543577143701
3449 0.00146867379228239
3450 0.00149227850711654
3451 0.00151625559352694
3452 0.00154061081532440
3453 0.00156535002382692
3454 0.00159047915916230
3455 0.00161600425158978
3456 0.00164193142284093
3457 0.00166826688748014
3458 0.00169501695428484
3459 0.00172218802764597
3460 0.00174978660898874
3461 0.00177781929821413
3462 0.00180629279516139
3463 0.00183521390109178
3464 0.00186458952019396
3465 0.00189442666111125
3466 0.00192473243849107
3467 0.00195551407455697
3468 0.00198677890070348
3469 0.00201853435911409
3470 0.00205078800440284
3471 0.00208354750527960
3472 0.00211682064623971
3473 0.00215061532927794
3474 0.00218493957562750
3475 0.00221980152752414
3476 0.00225520944999592
3477 0.00229117173267889
3478 0.00232769689165907
3479 0.00236479357134112
3480 0.00240247054634412
3481 0.00244073672342477
3482 0.00247960114342840
3483 0.00251907298326825
3484 0.00255916155793340
3485 0.00259987632252569
3486 0.00264122687432615
3487 0.00268322295489124
3488 0.00272587445217943
3489 0.00276919140270848
3490 0.00281318399374388
3491 0.00285786256551888
3492 0.00290323761348659
3493 0.00294931979060453
3494 0.00299611990965216
3495 0.00304364894558190
3496 0.00309191803790387
3497 0.00314093849310522
3498 0.00319072178710414
3499 0.00324127956773934
3500 0.00329262365729528
3501 0.00334476605506386
3502 0.00339771893994288
3503 0.00345149467307197
3504 0.00350610580050637
3505 0.00356156505592920
3506 0.00361788536340269
3507 0.00367507984015899
3508 0.00373316179943107
3509 0.00379214475332419
3510 0.00385204241572877
3511 0.00391286870527492
3512 0.00397463774832947
3513 0.00403736388203594
3514 0.00410106165739813
3515 0.00416574584240795
3516 0.00423143142521805
3517 0.00429813361735993
3518 0.00436586785700816
3519 0.00443464981229132
3520 0.00450449538465041
3521 0.00457542071224528
3522 0.00464744217340979
3523 0.00472057639015646
3524 0.00479484023173123
3525 0.00487025081821895
3526 0.00494682552420059
3527 0.00502458198246248
3528 0.00510353808775879
3529 0.00518371200062749
3530 0.00526512215126100
3531 0.00534778724343197
3532 0.00543172625847512
3533 0.00551695845932583
3534 0.00560350339461643
3535 0.00569138090283078
3536 0.00578061111651811
3537 0.00587121446656694
3538 0.00596321168653978
3539 0.00605662381706968
3540 0.00615147221031930
3541 0.00624777853450343
3542 0.00634556477847591
3543 0.00644485325638179
3544 0.00654566661237560
3545 0.00664802782540671
3546 0.00675196021407279
3547 0.00685748744154209
3548 0.00696463352054571
3549 0.00707342281844079
3550 0.00718388006234553
3551 0.00729603034434708
3552 0.00740989912678338
3553 0.00752551224759984
3554 0.00764289592578205
3555 0.00776207676686545
3556 0.00788308176852312
3557 0.00800593832623272
3558 0.00813067423902372
3559 0.00825731771530595
3560 0.00838589737878075
3561 0.00851644227443568
3562 0.00864898187462413
3563 0.00878354608523085
3564 0.00892016525192472
3565 0.00905887016649985
3566 0.00919969207330633
3567 0.00934266267577184
3568 0.00948781414301534
3569 0.00963517911655418
3570 0.00978479071710586
3571 0.00993668255148578
3572 0.0100908887196023
3573 0.0102474438215506
3574 0.0104063829648062
3575 0.0105677417715203
3576 0.0107315563859177
3577 0.0108978634817989
3578 0.0110667002701481
3579 0.0112381045068482
3580 0.0114121145005041
3581 0.0115887691203766
3582 0.0117681078044275
3583 0.0119501705674784
3584 0.0121349980094833
3585 0.0123226313239185
3586 0.0125131123062898
3587 0.0127064833627591
3588 0.0129027875188927
3589 0.0131020684285321
3590 0.0133043703827892
3591 0.0135097383191680
3592 0.0137182178308142
3593 0.0139298551758942
3594 0.0141446972871063
3595 0.0143627917813245
3596 0.0145841869693777
3597 0.0148089318659662
3598 0.0150370761997166
3599 0.0152686704233778
3600 0.0155037657241596
3601 0.0157424140342161
3602 0.0159846680412754
3603 0.0162305811994185
3604 0.0164802077400085
3605 0.0167336026827727
3606 0.0169908218470396
3607 0.0172519218631327
3608 0.0175169601839239
3609 0.0177859950965476
3610 0.0180590857342785
3611 0.0183362920885757
3612 0.0186176750212940
3613 0.0189032962770657
3614 0.0191932184958559
3615 0.0194875052256913
3616 0.0197862209355679
3617 0.0200894310285373
3618 0.0203972018549761
3619 0.0207096007260395
3620 0.0210266959273026
3621 0.0213485567325912
3622 0.0216752534180054
3623 0.0220068572761373
3624 0.0223434406304880
3625 0.0226850768500832
3626 0.0230318403642934
3627 0.0233838066778592
3628 0.0237410523861249
3629 0.0241036551904851
3630 0.0244716939140439
3631 0.0248452485174929
3632 0.0252244001152084
3633 0.0256092309915726
3634 0.0259998246175206
3635 0.0263962656673172
3636 0.0267986400355658
3637 0.0272070348544530
3638 0.0276215385112327
3639 0.0280422406659510
3640 0.0284692322694176
3641 0.0289026055814256
3642 0.0293424541892230
3643 0.0297888730262401
3644 0.0302419583910758
3645 0.0307018079667459
3646 0.0311685208401980
3647 0.0316421975220958
3648 0.0321229399668767
3649 0.0326108515930857
3650 0.0331060373039915
3651 0.0336086035084855
3652 0.0341186581422699
3653 0.0346363106893382
3654 0.0351616722037517
3655 0.0356948553317157
3656 0.0362359743339612
3657 0.0367851451084331
3658 0.0373424852132931
3659 0.0379081138902374
3660 0.0384821520881367
3661 0.0390647224870006
3662 0.0396559495222728
3663 0.0402559594094594
3664 0.0408648801690964
3665 0.0414828416520607
3666 0.0421099755652281
3667 0.0427464154974848
3668 0.0433922969460957
3669 0.0440477573434346
3670 0.0447129360840820
3671 0.0453879745522940
3672 0.0460730161498491
3673 0.0467682063242759
3674 0.0474736925974686
3675 0.0481896245946948
3676 0.0489161540740004
3677 0.0496534349560179
3678 0.0504016233541828
3679 0.0511608776053637
3680 0.0519313583009123
3681 0.0527132283181376
3682 0.0535066528522110
3683 0.0543117994485087
3684 0.0551288380353949
3685 0.0559579409574547
3686 0.0567992830091801
3687 0.0576530414691172
3688 0.0585193961344789
3689 0.0593985293562315
3690 0.0602906260746596
3691 0.0611958738554160
3692 0.0621144629260651
3693 0.0630465862131231
3694 0.0639924393796043
3695 0.0649522208630797
3696 0.0659261319142530
3697 0.0669143766360639
3698 0.0679171620233231
3699 0.0689346980028874
