1 3.46736268058281e-22
2 4.40355060434017e-20
3 7.58658954511519e-19
4 5.72496252191028e-18
5 2.70891176783213e-17
6 9.63496872229629e-17
7 2.85552573141789e-16
8 7.32883620552870e-16
9 1.65918748025296e-15
10 3.44031794514680e-15
11 6.75690929428983e-15
12 1.25262179979397e-14
13 2.17571869575079e-14
14 3.62651767890072e-14
15 5.92709894801669e-14
16 9.38091918485158e-14
17 1.42279300462744e-13
18 2.10716809992126e-13
19 3.09937751250362e-13
20 4.47268421986762e-13
21 6.24789030034234e-13
22 8.58127480374808e-13
23 1.18057646922938e-12
24 1.60354936176968e-12
25 2.11633731896558e-12
26 2.76316274360350e-12
27 3.62864301965996e-12
28 4.71475853514408e-12
29 5.98115773619635e-12
30 7.52741566398120e-12
31 9.53962114172248e-12
32 1.20075766450278e-11
33 1.47841175359061e-11
34 1.80694711587684e-11
35 2.23090803292754e-11
36 2.73948444864566e-11
37 3.29163247972104e-11
38 3.93620944087960e-11
39 4.76047250630272e-11
40 5.72572657393136e-11
41 6.75283701142450e-11
42 7.93482068143478e-11
43 9.42493708043731e-11
44 1.11563329358019e-10
45 1.29625681082243e-10
46 1.49933211592132e-10
47 1.75664610101728e-10
48 2.05254511764553e-10
49 2.35164822743255e-10
50 2.68774839508629e-10
51 3.11307109412483e-10
52 3.59232913855412e-10
53 4.07314956673918e-10
54 4.60837663496815e-10
55 5.27890295525687e-10
56 6.03561908404593e-10
57 6.78143799735792e-10
58 7.59607032496937e-10
59 8.62905728344187e-10
60 9.78623307307036e-10
61 1.08970292242917e-9
62 1.21153188499875e-9
63 1.36641389423744e-9
64 1.53696981065197e-9
65 1.69980198824226e-9
66 1.87758292706008e-9
67 2.10146852380756e-9
68 2.34917352994036e-9
69 2.58310131467389e-9
70 2.83325320181798e-9
71 3.15360802126248e-9
72 3.50696318707391e-9
73 3.83053373426462e-9
74 4.18037324924572e-9
75 4.63054605389670e-9
76 5.11738221089473e-9
77 5.56461210785662e-9
78 6.04580008300446e-9
79 6.65869173399201e-9
80 7.32893692235714e-9
81 7.93584228399668e-9
82 8.57610300450912e-9
83 9.40905304998284e-9
84 1.03158916748952e-8
85 1.11157126279523e-8
86 1.19696700921554e-8
87 1.30867731267976e-8
88 1.42818291696965e-8
89 1.53366079929121e-8
90 1.64624614974448e-8
91 1.79180007757339e-8
92 1.94924980834464e-8
93 2.08726910580888e-8
94 2.23094054829195e-8
95 2.42141967541858e-8
96 2.62725776993208e-8
97 2.80156956254526e-8
98 2.98659324883934e-8
99 3.23328718079360e-8
100 3.49428454734408e-8
101 3.71748210842939e-8
102 3.95360028953853e-8
103 4.26441874279835e-8
104 4.59873610561670e-8
105 4.88122677604546e-8
106 5.17289994975875e-8
107 5.56782676471251e-8
108 5.99125248976056e-8
109 6.33847462616524e-8
110 6.70420675317623e-8
111 7.20209186562964e-8
112 7.72559970916941e-8
113 8.15733644504061e-8
114 8.61242625664456e-8
115 9.22337172350149e-8
116 9.87548953823380e-8
117 1.04111555470027e-7
118 1.09589027499712e-7
119 1.17173264220290e-7
120 1.25278897437618e-7
121 1.31673046849316e-7
122 1.38392271148504e-7
123 1.47752073809968e-7
124 1.57508684670980e-7
125 1.65338853044187e-7
126 1.73534564568155e-7
127 1.84767387092133e-7
128 1.96732135763541e-7
129 2.06217623319968e-7
130 2.15874852506767e-7
131 2.29561122738768e-7
132 2.44100564635346e-7
133 2.55247375415728e-7
134 2.66886502523560e-7
135 2.83491364553954e-7
136 3.00730493053984e-7
137 3.14082139494536e-7
138 3.28053866963584e-7
139 3.47618492872050e-7
140 3.68345225316666e-7
141 3.84354166902582e-7
142 4.00508218700335e-7
143 4.23986044477113e-7
144 4.48891711038268e-7
145 4.67283929298076e-7
146 4.86477784251607e-7
147 5.14540632162242e-7
148 5.43481438726741e-7
149 5.65331453933216e-7
150 5.88079348844881e-7
151 6.20637340974301e-7
152 6.55103957121094e-7
153 6.80828790564401e-7
154 7.06705737697791e-7
155 7.45292441318210e-7
156 7.86001615515642e-7
157 8.15261319350472e-7
158 8.45653850216985e-7
159 8.91205125202532e-7
160 9.38103932969439e-7
161 9.72256667775044e-7
162 1.00785197006758e-6
163 1.06001619712582e-6
164 1.11496091895630e-6
165 1.15502396661020e-6
166 1.19494973734782e-6
167 1.25607209840169e-6
168 1.32059345558925e-6
169 1.36523121567536e-6
170 1.41169550374994e-6
171 1.48310079995993e-6
172 1.55615136135100e-6
173 1.60813310512779e-6
174 1.66202018710330e-6
175 1.74289690101019e-6
176 1.82807585673302e-6
177 1.88803773361708e-6
178 1.94774921509984e-6
179 2.04159920251900e-6
180 2.14024962034891e-6
181 2.20673048493508e-6
182 2.27558609851820e-6
183 2.38426999427502e-6
184 2.49534080168079e-6
185 2.57162079110686e-6
186 2.65083176437727e-6
187 2.77262120015716e-6
188 2.90039837738964e-6
189 2.98834718698284e-6
190 3.07520298778159e-6
191 3.21538396241888e-6
192 3.36288994570651e-6
193 3.45860076812675e-6
194 3.55799334443248e-6
195 3.71916675027406e-6
196 3.88280638831388e-6
197 3.99266482468640e-6
198 4.10627471960788e-6
199 4.28519713034161e-6
200 4.47322388661675e-6
201 4.59801313009093e-6
202 4.72120227770533e-6
203 4.92574656669809e-6
204 5.13999168350951e-6
205 5.27572144354551e-6
206 5.41581180335391e-6
207 5.64924375576827e-6
208 5.88638776327204e-6
209 6.03981026790902e-6
210 6.19915800557773e-6
211 6.45619230148714e-6
212 6.72517724964305e-6
213 6.90009435052231e-6
214 7.07113999118488e-6
215 7.36332634346246e-6
216 7.66972849086353e-6
217 7.85629775353870e-6
218 8.04986277522985e-6
219 8.38120781057099e-6
220 8.71599666942462e-6
221 8.92781524611387e-6
222 9.14665666934964e-6
223 9.50896637938102e-6
224 9.88876770055275e-6
225 0.0000101270063362094
226 0.0000103598172852016
227 0.0000107691213532101
228 0.0000111968322774377
229 0.0000114511115918642
230 0.0000117136820888469
231 0.0000121753712919903
232 0.0000126421518041620
233 0.0000129267907177702
234 0.0000132221675446935
235 0.0000137239733288076
236 0.0000142474364806909
237 0.0000145692175139745
238 0.0000148810045559768
239 0.0000154448813800338
240 0.0000160357139861174
241 0.0000163726345659961
242 0.0000167224769498631
243 0.0000173556870751007
244 0.0000179920849522280
245 0.0000183724869416395
246 0.0000187645133738660
247 0.0000194481345632129
248 0.0000201635442412766
249 0.0000205870080733624
250 0.0000209980343366117
251 0.0000217628275606350
252 0.0000225608598077544
253 0.0000230060967150257
254 0.0000234654581607009
255 0.0000243211792299596
256 0.0000251817133777333
257 0.0000256762227013483
258 0.0000261896381616360
259 0.0000271080417887939
260 0.0000280654306278680
261 0.0000286207788094641
262 0.0000291542625878236
263 0.0000301779343876724
264 0.0000312486422232960
265 0.0000318218883051065
266 0.0000324164166777975
267 0.0000335564982884917
268 0.0000346973467965866
269 0.0000353398930255790
270 0.0000360034032983522
271 0.0000372206802989014
272 0.0000384935393921316
273 0.0000392045856973057
274 0.0000398884317158061
275 0.0000412414293447012
276 0.0000426495858065807
277 0.0000433868034102003
278 0.0000441475485947503
279 0.0000456485848836613
280 0.0000471538776560172
281 0.0000479671052172699
282 0.0000488129791966279
283 0.0000504085632384563
284 0.0000520692220390649
285 0.0000529806624981585
286 0.0000538462276485933
287 0.0000556125840373658
288 0.0000574581394359911
289 0.0000583826993472505
290 0.0000593450590208557
291 0.0000612983420284902
292 0.0000632459424864432
293 0.0000642795182178983
294 0.0000653466602846047
295 0.0000674153729326179
296 0.0000695740178198462
297 0.0000707119906507130
298 0.0000717970946495185
299 0.0000740794238298165
300 0.0000764549458958884
301 0.0000776185038297167
302 0.0000788209423037363
303 0.0000813385085324351
304 0.0000838533855456266
305 0.0000851341305177011
306 0.0000864652564016789
307 0.0000891185063255520
308 0.0000918773105128207
309 0.0000933054820924280
310 0.0000946521400474127
311 0.0000975712780584872
312 0.000100620345990893
313 0.000102049206788077
314 0.000103538187557510
315 0.000106752451901195
316 0.000109941659219942
317 0.000111535753624409
318 0.000113183050900722
319 0.000116555849564389
320 0.000120077303426996
321 0.000121824049611910
322 0.000123476596807431
323 0.000127179445870615
324 0.000131028691951069
325 0.000132797030353184
326 0.000134622057034980
327 0.000138685824820495
328 0.000142732217360785
329 0.000144667535661618
330 0.000146688043759496
331 0.000150936830814013
332 0.000155352874908267
333 0.000157509782017645
334 0.000159521156497014
335 0.000164179329890989
336 0.000169036121636627
337 0.000171162482451644
338 0.000173384364390771
339 0.000178482521417489
340 0.000183531531200120
341 0.000185900238003582
342 0.000188353801594911
343 0.000193668343616449
344 0.000199211407842484
345 0.000201807373310213
346 0.000204232904351230
347 0.000210041733577678
348 0.000216075711096555
349 0.000218663985350518
350 0.000221347906428295
351 0.000227691971834707
352 0.000233993711384839
353 0.000236822089305721
354 0.000239780792169369
355 0.000246378780269153
356 0.000253222734570971
357 0.000256375102113994
358 0.000259283098719913
359 0.000266477417341599
360 0.000273985005953336
361 0.000277044596691911
362 0.000280254771586755
363 0.000288100626506302
364 0.000295844110808142
365 0.000299264278523158
366 0.000302802289272927
367 0.000310929350962373
368 0.000319403923662141
369 0.000323133852950770
370 0.000326595840470571
371 0.000335441788679065
372 0.000344629002060104
373 0.000348306110211542
374 0.000352122892419960
375 0.000361761410460680
376 0.000371295786781449
377 0.000375308783870556
378 0.000379520092746821
379 0.000389469757641712
380 0.000399800602608361
381 0.000404271042957588
382 0.000408353763227198
383 0.000419170478428902
384 0.000430449913050627
385 0.000434740885538406
386 0.000439242297552098
387 0.000450998036450142
388 0.000462567150471848
389 0.000467354554987193
390 0.000472334177284806
391 0.000484436182939188
392 0.000497059184733977
393 0.000502279736552425
394 0.000507068432735173
395 0.000520216950409859
396 0.000533848046420832
397 0.000538930568642771
398 0.000544220035553384
399 0.000558481257409613
400 0.000572573197152961
401 0.000578109197485089
402 0.000583947667521549
403 0.000598597088924553
404 0.000613793470922777
405 0.000619995614279524
406 0.000625569813970657
407 0.000641446082931105
408 0.000657998318802117
409 0.000663838485372655
410 0.000670016623330279
411 0.000687211721214045
412 0.000704098178623436
413 0.000710640835143485
414 0.000717453956982571
415 0.000735091678582959
416 0.000753457639246904
417 0.000760589262404044
418 0.000767055904024446
419 0.000786135541424072
420 0.000805939352992866
421 0.000812781746033494
422 0.000819936422288867
423 0.000840582738680556
424 0.000860926553268263
425 0.000868415049201053
426 0.000876311982516334
427 0.000897418303549005
428 0.000919303877121682
429 0.000927681465315922
430 0.000935142445619732
431 0.000957944088366545
432 0.000981726172134502
433 0.000989497143952965
434 0.000997749814699414
435 0.00102241723730419
436 0.00104654554552614
437 0.00105528394275313
438 0.00106441339194252
439 0.00108955940095094
440 0.00111578218571171
441 0.00112530059770365
442 0.00113383253625646
443 0.00116098164622735
444 0.00118913738793411
445 0.00119818783605425
446 0.00120763873018139
447 0.00123694522120588
448 0.00126576226574357
449 0.00127562686662209
450 0.00128612980469859
451 0.00131593696329595
452 0.00134685782044066
453 0.00135795450205177
454 0.00136767841185769
455 0.00139986172860498
456 0.00143336745818095
457 0.00144348631543041
458 0.00145429117216676
459 0.00148897256510662
460 0.00152287090526733
461 0.00153428397231436
462 0.00154627215408277
463 0.00158148911698507
464 0.00161819695612796
465 0.00163069986160424
466 0.00164170242115681
467 0.00167964474100727
468 0.00171898589236562
469 0.00173065179397057
470 0.00174294461275857
471 0.00178379176673883
472 0.00182389191048916
473 0.00183665369975660
474 0.00185029062427476
475 0.00189173412173070
476 0.00193464776554120
477 0.00194906601613289
478 0.00196149993526429
479 0.00200607822754501
480 0.00205257140533713
481 0.00206545059903160
482 0.00207932458988150
483 0.00212729758909180
484 0.00217405367652905
485 0.00218875423643411
486 0.00220417225853779
487 0.00225269294561670
488 0.00230326474813040
489 0.00231931543931130
490 0.00233330584158822
491 0.00238544669009235
492 0.00243953449067638
493 0.00245430033445565
494 0.00246991308952803
495 0.00252603794286681
496 0.00258093609548679
497 0.00259713496426259
498 0.00261455002531703
499 0.00267117960359192
500 0.00272990980261257
501 0.00274828575130289
502 0.00276387910020065
503 0.00282471844567389
504 0.00288813849093560
505 0.00290432007203155
506 0.00292177428280827
507 0.00298712589989769
508 0.00305069432827821
509 0.00306918980480186
510 0.00308878976220487
511 0.00315461307365122
512 0.00322325931234986
513 0.00324354144982230
514 0.00326088028307123
515 0.00333161978699864
516 0.00340485917863600
517 0.00342320647136532
518 0.00344272130717682
519 0.00351859523401961
520 0.00359280856987410
521 0.00361296152487759
522 0.00363483890880194
523 0.00371117208328662
524 0.00379028369753980
525 0.00381345841941030
526 0.00383259766723439
527 0.00391447548975677
528 0.00399982997453186
529 0.00401965680456162
530 0.00404137981474852
531 0.00412913938632628
532 0.00421438941548909
533 0.00423730514762437
534 0.00426167528263844
535 0.00434992033819929
536 0.00444179626443665
537 0.00446701905511156
538 0.00448816641424854
539 0.00458269734914732
540 0.00468072592015033
541 0.00470305574333201
542 0.00472702639796048
543 0.00482832630103796
544 0.00492717307847406
545 0.00495199668643785
546 0.00497898238355782
547 0.00508054795351732
548 0.00518581020519428
549 0.00521439956718238
550 0.00523766152677705
551 0.00534638787286829
552 0.00545980567407757
553 0.00548372562537871
554 0.00551012403309544
555 0.00562670629094181
556 0.00573952893581041
557 0.00576747388545560
558 0.00579737028022499
559 0.00591400834040688
560 0.00603570202878569
561 0.00606649518594387
562 0.00609182236259327
563 0.00621667315215320
564 0.00634607164972852
565 0.00637300067105243
566 0.00640188753128395
567 0.00653551529793176
568 0.00666566459104573
569 0.00669553269833059
570 0.00672854413726613
571 0.00686202077021406
572 0.00700043358036161
573 0.00703526010977252
574 0.00706279817274546
575 0.00720575916016612
576 0.00735464184822996
577 0.00738295060172904
578 0.00741460281710081
579 0.00756741848066134
580 0.00771532495664053
581 0.00774876918499506
582 0.00778488943761826
583 0.00793741661887718
584 0.00809645742436696
585 0.00813381938265137
586 0.00816349881367309
587 0.00832656696752464
588 0.00849558037763078
589 0.00852719774889226
590 0.00856175236244248
591 0.00873595063641385
592 0.00890548267460313
593 0.00894091825206000
594 0.00898042281264055
595 0.00915427844047435
596 0.00933418763589134
597 0.00937601132118744
598 0.00940808682638669
599 0.00959371973853789
600 0.00978741386391746
601 0.00982020546664993
602 0.00985754998637402
603 0.0100558568169774
604 0.0102473431368267
605 0.0102870884581496
606 0.0103299905836193
607 0.0105273753556399
608 0.0107332334288743
609 0.0107775334879354
610 0.0108120345757480
611 0.0110226939489313
612 0.0112411641610088
613 0.0112777533511864
614 0.0113180503033451
615 0.0115432785184776
616 0.0117617147217286
617 0.0118030818490834
618 0.0118497962257384
619 0.0120735174372561
620 0.0123055234986050
621 0.0123548960950458
622 0.0123915523134279
623 0.0126303714929148
624 0.0128794164260392
625 0.0129170978940771
626 0.0129602492620858
627 0.0132151048661849
628 0.0134607796437956
629 0.0135068410702406
630 0.0135575613914517
631 0.0138103531821802
632 0.0140742303465447
633 0.0141261487556539
634 0.0141650407102999
635 0.0144351368839600
636 0.0147146878222190
637 0.0147562441128719
638 0.0148025928946774
639 0.0150905094982003
640 0.0153698948386624
641 0.0154171989646316
642 0.0154716543007125
643 0.0157570923736123
644 0.0160529298416338
645 0.0161109580394959
646 0.0161517896255682
647 0.0164561878107797
648 0.0167736962095193
649 0.0168155923480284
650 0.0168652228548543
651 0.0171895794847427
652 0.0175019274307445
653 0.0175546243094609
654 0.0176130997522029
655 0.0179346922750890
656 0.0182697410419149
657 0.0183297053122525
658 0.0183727770290255
659 0.0187153163581573
660 0.0190706007127011
661 0.0191165486739876
662 0.0191689775133797
663 0.0195340597584972
664 0.0198875672967859
665 0.0199414564517292
666 0.0200037423162409
667 0.0203647980687034
668 0.0207390064167102
669 0.0208056184380857
670 0.0208507748961556
671 0.0212352282782798
672 0.0216366237288094
673 0.0216822685973936
674 0.0217376352713588
675 0.0221477628594063
676 0.0225413326020159
677 0.0226005990840580
678 0.0226672802200210
679 0.0230721580381677
680 0.0234948705003356
681 0.0235628375208238
682 0.0236093302264549
683 0.0240405387668056
684 0.0244874773081384
685 0.0245379812301501
686 0.0245958796392890
687 0.0250550321629989
688 0.0254990842374275
689 0.0255584098905225
690 0.0256295364103970
691 0.0260822829605656
692 0.0265518856987650
693 0.0266275425801949
694 0.0266753001643651
695 0.0271580423741217
696 0.0276610281475064
697 0.0277095018500605
698 0.0277703261395158
699 0.0282838180904811
700 0.0287769707325793
701 0.0288420015801780
702 0.0289168804230078
703 0.0294229725208876
704 0.0299511950589824
705 0.0300280536434311
706 0.0300764053418265
707 0.0306151008550438
708 0.0311733910197516
709 0.0312264717750494
710 0.0312901050941824
711 0.0318628853617540
712 0.0324164208601225
713 0.0324807448276155
714 0.0325596379684772
715 0.0331243337108189
716 0.0337088444327912
717 0.0337934004595140
718 0.0338426320023831
719 0.0344430421566280
720 0.0350701138165757
721 0.0351193646911913
722 0.0351846637798726
723 0.0358233244303994
724 0.0364353270367631
725 0.0365065569823934
726 0.0365887795663004
727 0.0372168958030093
728 0.0378726152736400
729 0.0379568876332453
730 0.0380065633724410
731 0.0386741618412008
732 0.0393666818754748
733 0.0394209506313504
734 0.0394880275722213
735 0.0401990014283073
736 0.0408837025298010
737 0.0409516785760240
738 0.0410379993247478
739 0.0417359534477943
740 0.0424600308819654
741 0.0425525184243098
742 0.0426011071622412
743 0.0433431995029510
744 0.0441178347999131
745 0.0441670851699865
746 0.0442348759968659
747 0.0450237960654967
748 0.0457787486357949
749 0.0458535032511840
750 0.0459436991285064
751 0.0467174177408239
752 0.0475259055025011
753 0.0476170667026694
754 0.0476642155515606
755 0.0484879129009583
756 0.0493406004042737
757 0.0493935711838910
758 0.0494626592204975
759 0.0503373396124763
760 0.0511806517540426
761 0.0512497637738386
762 0.0513424224556136
763 0.0522001274753062
764 0.0530892046034982
765 0.0531904300916344
766 0.0532346507604706
767 0.0541460556273083
768 0.0550975888704805
769 0.0551421441401297
770 0.0552120924633776
771 0.0561795752705500
772 0.0571049572825408
773 0.0571815242620254
774 0.0572767506291680
775 0.0582259719875248
776 0.0592157392627810
777 0.0593123954338810
778 0.0593540284833735
779 0.0603617016933842
780 0.0614071622137751
781 0.0614549019309217
782 0.0615233952332768
783 0.0625936432622792
784 0.0636236356129788
785 0.0636931058355750
786 0.0637895265421580
787 0.0648369231387540
788 0.0659228889203972
789 0.0660293204402272
790 0.0660675527020521
791 0.0671792548529452
792 0.0683407948241775
793 0.0683772434426992
794 0.0684441822176319
795 0.0696262916115730
796 0.0707528898190703
797 0.0708284145201476
798 0.0709271196910209
799 0.0720819831778702
